0.15 0.15 0.0005 3.6945 -0.2613 55.0108 97.086 1000 206
0.15 0.65 0.0005 0.0987 -0.0019 93.2547 0.495516 97.086 1000
0.15 0.65 0.0015 -0.0182 -0.0239 29.6193 0.5146 0.495516 1000
0.15 0.65 -0.0005 3.2686 -0.0996 474.464 39.682 0.495516 504
0.26 0.65 0.0005 -1.1595 0.3805 85.3259 1.85901 0.495516 1000
0.04 0.65 0.0005 3.9366 -0.1017 128.429 40.24 0.495516 497
0.15 1.2 0.0005 -0.1419 0.1313 101.276 0.548787 0.495516 1000
0.15 0.1 0.0005 -3.636 0.2293 24.1776 103.092 0.495516 194
0.15 0.65 0.0014 0.0152 -0.0081 32.0015 0.508515 0.495516 1000
0.15 0.65 -0.0004 3.9769 -0.2615 642.723 29.498 0.495516 678
0.249 0.65 0.0005 4.4649 -0.1999 83.5479 26.49 0.495516 755
0.051 0.65 0.0005 3.3487 0.0374 134.441 39.84 0.495516 502
0.15 1.145 0.0005 -0.1005 0.1827 100.098 0.540871 0.495516 1000
0.15 0.155 0.0005 3.7187 -0.1754 53.2875 96.152 0.495516 208
0.15 0.65 0.00131 -0.0011 0.0337 34.4233 0.512906 0.495516 1000
0.15 0.65 -0.00031 2.7407 0.1187 1134.27 3.41291 0.495516 1000
0.2391 0.65 0.0005 -0.5066 0.4515 90.3936 1.45506 0.495516 1000
0.0609 0.65 0.0005 -4.1353 -0.3326 83.3867 34.012 0.495516 588
0.15 1.0955 0.0005 0.1596 -0.1712 99.6267 0.496243 0.495516 1000
0.15 0.2045 0.0005 4.0235 -0.2029 61.8851 84.388 0.495516 237
0.15 0.65 0.001229 -0.0253 -0.0341 36.6748 0.516239 0.495516 1000
0.15 0.65 -0.000229 1.4593 0.1191 806.934 1.6977 0.495516 1000
0.23019 0.65 0.0005 4.3571 -0.3037 90.1916 26.88 0.495516 744
0.06981 0.65 0.0005 -4.0333 -0.0069 72.0039 33.898 0.495516 590
0.15 1.05095 0.0005 0.5496 -0.0322 99.927 0.489743 0.495516 1000
0.15 1.05095 0.0011561 0.4759 -0.0832 39.6829 0.507406 0.489743 1000
0.15 1.05095 -0.0001561 0.7123 0.0102 617.404 1.04234 0.489743 1000
0.222171 1.05095 0.0005 -0.0868 -0.0673 100.748 0.551011 0.489743 1000
0.077829 1.05095 0.0005 0.2612 0.1682 90.7259 1.14423 0.489743 1000
0.15 1.492 0.0005 0.0754 -0.0122 111.361 0.639334 0.489743 1000
0.15 0.609905 0.0005 -0.3959 -0.0349 92.7776 0.479022 0.489743 1000
0.15 0.609905 0.00109049 -0.3643 -0.0482 42.038 0.471012 0.479022 1000
0.214954 0.609905 0.00109049 0.4194 0.6948 37.5889 1.65055 0.471012 1000
0.0850461 0.609905 0.00109049 0.8144 0.0927 65.8323 0.839034 0.471012 1000
0.15 1.09505 0.00109049 0.5598 0.2634 42.7301 0.510433 0.471012 1000
0.15 0.124755 0.00109049 -5.063 -0.1535 15.3355 105.82 0.471012 189
0.15 0.609905 0.00174003 1.116 -0.1238 31.4867 0.524275 0.471012 1000
0.15 0.609905 0.000440951 -0.2736 -0.0562 105.031 0.512358 0.471012 1000
0.208459 0.609905 0.00109049 -2.2064 -0.0729 42.02 1.21387 0.471012 1000
0.0915415 0.609905 0.00109049 0.1493 0.1083 40.0385 0.799302 0.471012 1000
0.15 1.04654 0.00109049 0.3735 -0.1494 41.2856 0.453485 0.471012 1000
0.15 1.04654 0.00167508 -0.1981 -0.061 26.6218 0.45161 0.453485 1000
0.202613 1.04654 0.00167508 -0.3182 0.0327 25.8114 0.476617 0.45161 1000
0.0973873 1.04654 0.00167508 0.4125 0.1636 24.2042 0.76363 0.45161 1000
0.15 1.52684 0.00167508 -0.3028 -0.019 24.0032 0.632562 0.45161 1000
0.15 0.566242 0.00167508 -0.3679 -0.0055 27.284 0.639116 0.45161 1000
0.15 1.04654 0.00231812 -0.0418 0.1365 16.7477 0.44062 0.45161 1000
0.197351 1.04654 0.00231812 -0.1496 0.0786 16.0612 0.463302 0.44062 1000
0.102649 1.04654 0.00231812 0.5695 0.079 18.7633 0.670245 0.44062 1000
0.15 1.47881 0.00231812 -0.1315 0.0847 15.85 0.630395 0.44062 1000
0.15 0.614271 0.00231812 0.0986 0.1923 17.5869 0.463122 0.44062 1000
0.15 1.04654 0.00302547 -0.069 -0.0817 15.0444 0.435254 0.44062 1000
0.192616 1.04654 0.00302547 0.1839 -0.2154 14.7668 0.411717 0.435254 1000
0.192616 1.43558 0.00302547 0.0367 -0.1259 12.9904 0.512781 0.411717 1000
0.192616 0.657498 0.00302547 0.7508 0.0014 12.7665 1.09904 0.411717 1000
0.192616 1.04654 0.00380355 0.1874 0.0818 8.5722 0.43486 0.411717 1000
0.192616 1.04654 0.00224738 0.548 0.0984 18.0137 0.454979 0.411717 1000
0.239494 1.04654 0.00302547 3.4741 -0.3832 46.3515 27.738 0.411717 721
0.145738 1.04654 0.00302547 -0.2169 -0.0468 13.7905 0.450285 0.411717 1000
0.192616 1.39668 0.00302547 0.2606 0.0607 12.1526 0.513972 0.411717 1000
0.192616 0.696402 0.00302547 0.1156 0.0782 12.9245 0.547959 0.411717 1000
0.192616 1.04654 0.00372574 0.6362 0.0112 10.9818 0.407353 0.411717 1000
0.234806 1.04654 0.00372574 -0.2423 0.1366 8.7781 0.593924 0.407353 1000
0.150426 1.04654 0.00372574 -0.0883 -0.1068 11.8563 0.430409 0.407353 1000
0.192616 1.36166 0.00372574 -0.1265 0.0302 9.4684 0.435611 0.407353 1000
0.192616 0.731416 0.00372574 0.2437 -0.1139 12.3428 0.53715 0.407353 1000
0.192616 1.04654 0.00449604 0.4876 0.2192 7.425 0.397336 0.407353 1000
0.230587 1.04654 0.00449604 0.2805 0.1344 7.0284 0.487737 0.397336 1000
0.154645 1.04654 0.00449604 -0.2849 -0.0462 9.8924 0.381987 0.397336 1000
0.154645 1.33015 0.00449604 -0.1008 -0.0686 8.446 0.470513 0.381987 1000
0.154645 0.762928 0.00449604 0.5961 0.0273 10.7457 0.408758 0.381987 1000
0.154645 1.04654 0.00534338 -0.0449 -0.0993 9.2504 0.366219 0.381987 1000
0.196413 1.04654 0.00534338 -0.3617 -0.0409 6.5645 0.39611 0.366219 1000
0.112877 1.04654 0.00534338 0.4993 0.1006 9.4048 0.407752 0.366219 1000
0.154645 1.30179 0.00534338 -0.1575 -0.0565 6.9159 0.455515 0.366219 1000
0.154645 0.791289 0.00534338 0.6128 0.0074 9.4392 0.375647 0.366219 1000
0.154645 1.04654 0.00627544 -0.2308 -0.0961 8.0324 0.340479 0.366219 1000
0.192237 1.04654 0.00627544 0.3915 0.2183 5.0417 0.369686 0.340479 1000
0.117054 1.04654 0.00627544 -0.2256 -0.0118 7.2314 0.37048 0.340479 1000
0.154645 1.27626 0.00627544 -0.225 0.0065 5.2765 0.418296 0.340479 1000
0.154645 0.816815 0.00627544 -0.3139 -0.2181 9.1901 0.348866 0.340479 1000
0.154645 1.04654 0.00730071 -0.1279 0.0589 6.7716 0.320316 0.340479 1000
0.188477 1.04654 0.00730071 0.7751 0.0799 5.8049 0.365373 0.320316 1000
0.120813 1.04654 0.00730071 -0.2532 -0.0041 6.1408 0.349878 0.320316 1000
0.154645 1.25329 0.00730071 -0.1144 0.086 4.0676 0.331213 0.320316 1000
0.154645 0.839787 0.00730071 0.6144 0.0439 7.0394 0.336885 0.320316 1000
0.154645 1.04654 0.00842851 -0.377 -0.0007 5.33 0.303894 0.320316 1000
0.185094 1.04654 0.00842851 0.6587 0.1179 4.7569 0.341648 0.303894 1000
0.124196 1.04654 0.00842851 0.4806 0.1205 6.2278 0.308512 0.303894 1000
0.154645 1.23262 0.00842851 0.1213 0.2269 3.7265 0.347333 0.303894 1000
0.154645 0.860462 0.00842851 0.6019 0.1195 5.653 0.336549 0.303894 1000
0.154645 1.04654 0.00966909 -0.2035 -0.1261 6.2187 0.3153 0.303894 1000
0.154645 1.04654 0.00718793 -0.1853 -0.136 7.5074 0.336109 0.303894 1000
0.182049 1.04654 0.00842851 0.8024 0.0935 5.1292 0.349634 0.303894 1000
0.127241 1.04654 0.00842851 -0.0205 0.2176 4.9356 0.330283 0.303894 1000
0.154645 1.21401 0.00842851 -0.2607 0.0267 3.5856 0.362593 0.303894 1000
0.154645 0.87907 0.00842851 0.4287 0.2472 3.7542 0.323013 0.303894 1000
0.154645 1.04654 0.00954503 -0.4002 -0.0265 5.0068 0.319568 0.303894 1000
0.154645 1.04654 0.00731199 -0.3503 0.0042 5.9333 0.323074 0.303894 1000
0.179309 1.04654 0.00842851 0.3012 -0.2286 7.0247 0.340111 0.303894 1000
0.129981 1.04654 0.00842851 -0.158 0.126 5.1155 0.322714 0.303894 1000
0.154645 1.19726 0.00842851 0.3714 -0.1349 5.9796 0.336811 0.303894 1000
0.154645 0.895817 0.00842851 -0.589 0.0011 5.1307 0.329645 0.303894 1000
0.154645 1.04654 0.00943338 -0.2798 -0.1012 5.965 0.301429 0.303894 1000
0.176843 1.04654 0.00943338 0.6977 -0.0872 5.8726 0.327671 0.301429 1000
0.132448 1.04654 0.00943338 -0.2942 -0.0466 5.4352 0.309849 0.301429 1000
0.154645 1.18219 0.00943338 0.4329 -0.1043 5.5802 0.318421 0.301429 1000
0.154645 0.910889 0.00943338 -0.6305 -0.051 4.7296 0.326756 0.301429 1000
0.154645 1.04654 0.0105387 -0.399 0.0277 3.8786 0.296195 0.301429 1000
0.174623 1.04654 0.0105387 0.5367 -0.1814 6.0419 0.322577 0.296195 1000
0.134668 1.04654 0.0105387 0.3693 0.2024 4.4297 0.294096 0.296195 1000
0.134668 1.16862 0.0105387 0.2623 -0.1535 6.2433 0.311476 0.294096 1000
0.134668 0.924454 0.0105387 0.4426 -0.0107 5.6667 0.284708 0.294096 1000
0.134668 0.924454 0.0117546 0.0304 0.212 3.4496 0.29666 0.284708 1000
0.134668 0.924454 0.00932284 0.4685 -0.0052 6.2885 0.296516 0.284708 1000
0.156643 0.924454 0.0105387 -0.1291 0.2888 2.9235 0.320669 0.284708 1000
0.112692 0.924454 0.0105387 -0.4556 -0.0998 5.2011 0.298176 0.284708 1000
0.134668 1.05875 0.0105387 0.549 0.0868 5.3112 0.28344 0.284708 1000
0.134668 1.05875 0.011633 0.0312 -0.1204 5.8357 0.294499 0.28344 1000
0.134668 1.05875 0.00944443 -0.2854 0.0305 4.4199 0.312356 0.28344 1000
0.154445 1.05875 0.0105387 -0.4192 -0.0322 4.7107 0.304533 0.28344 1000
0.11489 1.05875 0.0105387 0.2524 0.1902 4.7059 0.326226 0.28344 1000
0.134668 1.20647 0.0105387 0.1989 -0.1781 5.4995 0.315015 0.28344 1000
0.134668 0.911025 0.0105387 0.2887 0.1612 4.2896 0.309978 0.28344 1000
0.134668 1.05875 0.0115236 0.1052 0.2331 3.7779 0.293094 0.28344 1000
0.134668 1.05875 0.00955386 -0.3135 0.0066 4.64 0.310448 0.28344 1000
0.152468 1.05875 0.0105387 -0.3189 -0.0733 5.257 0.295007 0.28344 1000
0.116868 1.05875 0.0105387 -0.0373 0.1963 4.3124 0.318728 0.28344 1000
0.134668 1.1917 0.0105387 0.2772 -0.194 6.9929 0.331862 0.28344 1000
0.134668 0.925797 0.0105387 0.4352 0.1088 4.8212 0.30333 0.28344 1000
0.134668 1.05875 0.0114251 -0.3695 0.0038 3.8687 0.290241 0.28344 1000
0.134668 1.05875 0.00965235 -0.317 -0.0206 4.9834 0.307745 0.28344 1000
0.150688 1.05875 0.0105387 -0.1613 0.1795 3.6262 0.304809 0.28344 1000
0.118648 1.05875 0.0105387 0.4677 0.0307 5.8698 0.311072 0.28344 1000
0.134668 1.1784 0.0105387 0.0419 -0.1862 5.6435 0.300312 0.28344 1000
0.134668 0.939092 0.0105387 0.4563 0.0811 4.9746 0.294501 0.28344 1000
0.134668 1.05875 0.0113365 -0.3517 0.0087 3.8235 0.304935 0.28344 1000
0.134668 1.05875 0.00974099 -0.2926 0.0266 4.3234 0.291771 0.28344 1000
0.149086 1.05875 0.0105387 0.5725 -0.11 5.4186 0.319409 0.28344 1000
0.12025 1.05875 0.0105387 -0.2337 0.0595 3.8967 0.298526 0.28344 1000
0.134668 1.16644 0.0105387 0.4895 -0.0953 5.3116 0.310662 0.28344 1000
0.134668 0.951058 0.0105387 0.4815 0.0936 5.0371 0.292565 0.28344 1000
0.134668 1.05875 0.0112567 -0.3591 -0.0123 4.1757 0.29646 0.28344 1000
0.134668 1.05875 0.00982076 -0.3127 -0.0445 5.3306 0.311651 0.28344 1000
0.147644 1.05875 0.0105387 -0.2733 0.0742 3.704 0.291678 0.28344 1000
0.121691 1.05875 0.0105387 -0.0861 0.2047 4.0451 0.320286 0.28344 1000
0.134668 1.15567 0.0105387 -0.2262 -0.0036 4.9398 0.305903 0.28344 1000
0.134668 0.961827 0.0105387 0.3266 0.1804 4.6085 0.292579 0.28344 1000
0.134668 1.05875 0.0111849 0.6657 -0.0141 5.3425 0.290289 0.28344 1000
0.134668 1.05875 0.00989256 0.3984 0.1936 4.8935 0.293089 0.28344 1000
0.146346 1.05875 0.0105387 0.022 0.2509 3.6682 0.285646 0.28344 1000
0.122989 1.05875 0.0105387 0.0823 0.2099 4.3495 0.307786 0.28344 1000
0.134668 1.14598 0.0105387 -0.2037 -0.0438 5.1301 0.322156 0.28344 1000
0.134668 0.971519 0.0105387 0.5192 0.0127 5.6564 0.294172 0.28344 1000
0.134668 1.05875 0.0111203 0.2591 0.2761 3.4366 0.300453 0.28344 1000
0.134668 1.05875 0.00995718 -0.3395 -0.0397 5.0365 0.321116 0.28344 1000
0.145178 1.05875 0.0105387 -0.3451 -0.0498 4.9873 0.294267 0.28344 1000
0.124157 1.05875 0.0105387 0.0339 0.2135 4.1871 0.290225 0.28344 1000
0.134668 1.13725 0.0105387 -0.2438 0.0071 4.444 0.312488 0.28344 1000
0.134668 0.980242 0.0105387 -0.3377 0.1289 3.8823 0.303196 0.28344 1000
0.134668 1.05875 0.0110621 -0.2366 0.0661 3.1245 0.294369 0.28344 1000
0.134668 1.05875 0.0100153 0.6327 -0.0498 6.6616 0.281797 0.28344 1000
0.144127 1.05875 0.0100153 -0.5341 -0.044 6.219 0.305017 0.281797 1000
0.125208 1.05875 0.0100153 -0.0287 0.2292 4.0922 0.301119 0.281797 1000
0.134668 1.1294 0.0100153 -0.2507 0.0369 4.2069 0.314896 0.281797 1000
0.134668 0.988093 0.0100153 0.5563 0.0443 5.6906 0.289432 0.281797 1000
0.134668 1.05875 0.0105911 0.209 0.2277 4.2268 0.292304 0.281797 1000
0.134668 1.05875 0.00943959 0.3087 0.2169 4.7525 0.287277 0.281797 1000
0.143181 1.05875 0.0100153 -0.3335 0.033 4.205 0.296875 0.281797 1000
0.126154 1.05875 0.0100153 0.4877 0.1137 5.4084 0.305391 0.281797 1000
0.134668 1.12234 0.0100153 0.301 0.2091 4.5779 0.274908 0.281797 1000
0.134668 1.12234 0.0105335 -0.2428 -0.024 4.6833 0.306289 0.274908 1000
0.134668 1.12234 0.00949717 -0.2323 0.0091 4.9442 0.301503 0.274908 1000
0.14233 1.12234 0.0100153 -0.1327 -0.0864 6.1463 0.297057 0.274908 1000
0.127005 1.12234 0.0100153 -0.2141 -0.0347 5.228 0.328961 0.274908 1000
0.134668 1.19229 0.0100153 -0.1454 -0.0772 6.6386 0.299889 0.274908 1000
0.134668 1.05239 0.0100153 -0.1956 -0.0973 5.575 0.307917 0.274908 1000
0.134668 1.12234 0.0104817 -0.2442 0.0038 4.4582 0.300169 0.274908 1000
0.134668 1.12234 0.00954898 -0.2171 -0.0467 5.7212 0.316342 0.274908 1000
0.141564 1.12234 0.0100153 0.3812 -0.1439 5.4649 0.314508 0.274908 1000
0.127771 1.12234 0.0100153 -0.1168 -0.0744 5.6121 0.335624 0.274908 1000
0.134668 1.18529 0.0100153 0.0474 -0.1672 5.6355 0.333692 0.274908 1000
0.134668 1.05938 0.0100153 -0.0377 0.2179 4.1269 0.284416 0.274908 1000
0.134668 1.12234 0.0104351 0.4828 -0.1473 5.8683 0.314338 0.274908 1000
0.134668 1.12234 0.00959562 -0.251 -0.0204 5.2483 0.320546 0.274908 1000
0.140874 1.12234 0.0100153 -0.1977 -0.0834 5.743 0.306651 0.274908 1000
0.128461 1.12234 0.0100153 -0.1592 -0.0712 5.7106 0.329986 0.274908 1000
0.134668 1.179 0.0100153 0.4631 -0.0881 5.2443 0.327992 0.274908 1000
0.134668 1.06568 0.0100153 -0.1898 0.156 4.1981 0.302024 0.274908 1000
0.134668 1.12234 0.0103931 -0.0911 -0.0905 5.4284 0.307171 0.274908 1000
0.134668 1.12234 0.00963759 0.0918 -0.096 6.2807 0.299396 0.274908 1000
0.140253 1.12234 0.0100153 -0.2548 -0.0695 5.5796 0.293697 0.274908 1000
0.129082 1.12234 0.0100153 -0.1815 -0.0454 5.1831 0.321274 0.274908 1000
0.134668 1.17333 0.0100153 0.5371 0.127 3.5807 0.329491 0.274908 1000
0.134668 1.07135 0.0100153 -0.3186 -0.0145 4.8464 0.296953 0.274908 1000
0.134668 1.12234 0.0103553 -0.0105 -0.09 5.5955 0.320495 0.274908 1000
0.134668 1.12234 0.00967537 0.0679 -0.1866 6.2041 0.313051 0.274908 1000
0.139695 1.12234 0.0100153 0.5468 -0.0771 5.1521 0.310472 0.274908 1000
0.12964 1.12234 0.0100153 -0.1329 -0.0712 5.553 0.327388 0.274908 1000
0.134668 1.16823 0.0100153 0.2481 -0.1733 5.7654 0.31752 0.274908 1000
0.134668 1.07644 0.0100153 -0.2796 -0.0405 5.0906 0.30982 0.274908 1000
0.134668 1.12234 0.0103213 0.6574 0.0486 5.2032 0.306421 0.274908 1000
0.134668 1.12234 0.00970936 0.621 0.0194 4.6883 0.315607 0.274908 1000
0.139192 1.12234 0.0100153 0.1762 -0.187 6.0574 0.314246 0.274908 1000
0.130143 1.12234 0.0100153 0.6034 0.0087 4.6315 0.329947 0.274908 1000
0.134668 1.16364 0.0100153 -0.2299 -0.0035 4.9 0.307709 0.274908 1000
0.134668 1.08103 0.0100153 -0.0003 -0.1111 6.0426 0.310185 0.274908 1000
0.134668 1.12234 0.0102907 -0.0219 -0.087 5.7331 0.301948 0.274908 1000
0.134668 1.12234 0.00973996 -0.0856 -0.0802 6.6477 0.298479 0.274908 1000
0.13874 1.12234 0.0100153 -0.1918 -0.0743 5.7998 0.293175 0.274908 1000
0.130595 1.12234 0.0100153 0.1843 -0.1775 5.6493 0.307607 0.274908 1000
0.134668 1.15951 0.0100153 -0.0886 -0.0819 5.5107 0.316042 0.274908 1000
0.134668 1.08516 0.0100153 0.0479 -0.0905 6.1873 0.32301 0.274908 1000
0.134668 1.12234 0.0102632 0.123 -0.1367 5.6537 0.309963 0.274908 1000
0.134668 1.12234 0.0097675 -0.1617 -0.0637 5.5994 0.283303 0.274908 1000
0.138332 1.12234 0.0100153 0.187 -0.1863 5.9401 0.304436 0.274908 1000
0.131003 1.12234 0.0100153 -0.1718 -0.041 5.6838 0.313192 0.274908 1000
0.134668 1.15579 0.0100153 0.4624 -0.0881 5.5131 0.320842 0.274908 1000
0.134668 1.08888 0.0100153 -0.0241 -0.0957 6.0149 0.307215 0.274908 1000
0.134668 1.12234 0.0102384 -0.0667 -0.0953 6.0002 0.321647 0.274908 1000
0.134668 1.12234 0.00979228 -0.2333 0.0038 4.2354 0.316867 0.274908 1000
0.137966 1.12234 0.0100153 0.0294 -0.1125 5.9805 0.308984 0.274908 1000
0.131369 1.12234 0.0100153 -0.2565 0.0053 4.899 0.300465 0.274908 1000
0.134668 1.15245 0.0100153 0.2509 -0.1891 5.2368 0.311777 0.274908 1000
0.134668 1.09223 0.0100153 -0.3448 -0.0001 4.558 0.300875 0.274908 1000
0.134668 1.12234 0.0102161 -0.0382 -0.1037 5.6183 0.301258 0.274908 1000
0.134668 1.12234 0.00981459 0.5635 -0.0466 4.886 0.309845 0.274908 1000
0.137636 1.12234 0.0100153 0.5725 -0.0518 4.9613 0.308021 0.274908 1000
0.131699 1.12234 0.0100153 0.323 -0.1558 5.7504 0.306156 0.274908 1000
0.134668 1.14944 0.0100153 0.4377 -0.1205 5.4632 0.312413 0.274908 1000
0.134668 1.09524 0.0100153 -0.0449 -0.106 5.9018 0.314284 0.274908 1000
0.134668 1.12234 0.010196 0.6076 0.1038 3.8863 0.308792 0.274908 1000
0.134668 1.12234 0.00983466 0.4629 -0.1078 5.5121 0.308354 0.274908 1000
0.137339 1.12234 0.0100153 -0.0576 -0.0855 5.6262 0.312032 0.274908 1000
0.131996 1.12234 0.0100153 -0.0824 -0.0932 5.7527 0.325168 0.274908 1000
0.134668 1.14673 0.0100153 0.593 0.081 4.1426 0.305843 0.274908 1000
0.134668 1.09795 0.0100153 0.0756 -0.1396 6.0235 0.314068 0.274908 1000
0.134668 1.12234 0.0101779 -0.0131 -0.109 5.7939 0.314623 0.274908 1000
0.134668 1.12234 0.00985273 0.3994 -0.1431 5.8404 0.314512 0.274908 1000
0.137072 1.12234 0.0100153 0.0923 -0.1572 6.0566 0.30615 0.274908 1000
0.132263 1.12234 0.0100153 0.5003 -0.0909 5.2276 0.330934 0.274908 1000
0.134668 1.14429 0.0100153 -0.1015 -0.0789 5.7495 0.300179 0.274908 1000
0.134668 1.10039 0.0100153 0.0763 -0.1344 5.7921 0.301376 0.274908 1000
0.134668 1.12234 0.0101617 0.229 0.1479 3.017 0.301199 0.274908 1000
0.134668 1.12234 0.00986899 0.4772 -0.0926 5.3183 0.306293 0.274908 1000
