0.134668 1.12234 0
0.7598 0.7598 0.7598
0.7598 0 1.5196
0.7598 0 2.2794
0.7598 0 3.0392
0.7596 -0.0002 3.7988
0.7593 -0.0003 4.5581
0.7591 -0.0002 5.3172
0.7586 -0.0005 6.0758
0.7581 -0.0005 6.8339
0.7573 -0.0008 7.5912
0.7565 -0.0008 8.3477
0.7552 -0.0013 9.1029
0.754 -0.0012 9.8569
0.7526 -0.0014 10.6095
0.751 -0.0016 11.3605
0.7491 -0.0019 12.1096
0.7465 -0.0026 12.8561
0.744 -0.0025 13.6001
0.7411 -0.0029 14.3412
0.7379 -0.0032 15.0791
0.7323 -0.0056 15.8114
0.7268 -0.0055 16.5382
0.7205 -0.0063 17.2587
0.7133 -0.0072 17.972
0.7052 -0.0081 18.6772
0.6961 -0.0091 19.3733
0.686 -0.0101 20.0593
0.6749 -0.0111 20.7342
0.6627 -0.0122 21.3969
0.6493 -0.0134 22.0462
0.6348 -0.0145 22.681
0.619 -0.0158 23.3
0.6021 -0.0169 23.9021
0.5887 -0.0134 24.4908
0.5883 -0.0004 25.0791
0.5693 -0.019 25.6484
0.5596 -0.0097 26.208
0.5537 -0.0059 26.7617
0.5489 -0.0048 27.3106
0.5428 -0.0061 27.8534
0.5351 -0.0077 28.3885
0.526 -0.0091 28.9145
0.5157 -0.0103 29.4302
0.504 -0.0117 29.9342
0.491 -0.013 30.4252
0.4767 -0.0143 30.9019
0.4611 -0.0156 31.363
0.4444 -0.0167 31.8074
0.4265 -0.0179 32.2339
0.4076 -0.0189 32.6415
0.3878 -0.0198 33.0293
0.3672 -0.0206 33.3965
0.3547 -0.0125 33.7512
0.3376 -0.0171 34.0888
0.3106 -0.027 34.3994
0.287 -0.0236 34.6864
0.2731 -0.0139 34.9595
0.2501 -0.023 35.2096
0.2314 -0.0187 35.441
0.2127 -0.0187 35.6537
0.1943 -0.0184 35.848
0.1761 -0.0182 36.0241
0.1581 -0.018 36.1822
0.1364 -0.0217 36.3186
0.1111 -0.0253 36.4297
0.0953 -0.0158 36.525
0.0808 -0.0145 36.6058
0.0672 -0.0136 36.673
0.0544 -0.0128 36.7274
0.0425 -0.0119 36.7699
0.0315 -0.011 36.8014
0.0193 -0.0122 36.8207
0.0108 -0.0085 36.8315
0.0036 -0.0072 36.8351
-0.0023 -0.0059 36.8328
-0.0071 -0.0048 36.8257
-0.0107 -0.0036 36.815
-0.0112 -0.0005 36.8038
-0.0044 0.0068 36.7994
0.0366 0.041 36.836
0.0766 0.04 36.9126
0.1071 0.0305 37.0197
0.1478 0.0407 37.1675
0.1725 0.0247 37.34
0.2046 0.0321 37.5446
0.223 0.0184 37.7676
0.2425 0.0195 38.0101
0.2585 0.016 38.2686
0.2711 0.0126 38.5397
0.2802 0.0091 38.8199
0.2857 0.0055 39.1056
0.288 0.0023 39.3936
0.2872 -0.0008 39.6808
0.2838 -0.0034 39.9646
0.2779 -0.0059 40.2425
0.2699 -0.008 40.5124
0.2602 -0.0097 40.7726
0.2492 -0.011 41.0218
0.237 -0.0122 41.2588
0.2243 -0.0127 41.4831
0.2112 -0.0131 41.6943
0.1982 -0.013 41.8925
0.1854 -0.0128 42.0779
0.1732 -0.0122 42.2511
0.1734 0.0002 42.4245
0.1923 0.0189 42.6168
0.2271 0.0348 42.8439
0.2596 0.0325 43.1035
0.2861 0.0265 43.3896
0.3054 0.0193 43.695
0.3175 0.0121 44.0125
0.3231 0.0056 44.3356
0.3225 -0.0006 44.6581
0.3167 -0.0058 44.9748
0.3064 -0.0103 45.2812
0.2926 -0.0138 45.5738
0.276 -0.0166 45.8498
0.2578 -0.0182 46.1076
0.2346 -0.0232 46.3422
0.219 -0.0156 46.5612
0.2004 -0.0186 46.7616
0.1827 -0.0177 46.9443
0.1662 -0.0165 47.1105
0.1515 -0.0147 47.262
0.1573 0.0058 47.4193
0.1848 0.0275 47.6041
0.236 0.0512 47.8401
0.26 0.024 48.1001
0.2921 0.0321 48.3922
0.3194 0.0273 48.7116
0.3329 0.0135 49.0445
0.3366 0.0037 49.3811
0.3333 -0.0033 49.7144
0.3228 -0.0105 50.0372
0.3067 -0.0161 50.3439
0.2862 -0.0205 50.6301
0.263 -0.0232 50.8931
0.2384 -0.0246 51.1315
0.209 -0.0294 51.3405
0.1858 -0.0232 51.5263
0.1652 -0.0206 51.6915
0.151 -0.0142 51.8425
0.134 -0.017 51.9765
0.1441 0.0101 52.1206
0.1825 0.0384 52.3031
0.2202 0.0377 52.5233
0.2622 0.042 52.7855
0.3015 0.0393 53.087
0.3228 0.0213 53.4098
0.3318 0.009 53.7416
0.3295 -0.0023 54.0711
0.3177 -0.0118 54.3888
0.2984 -0.0193 54.6872
0.2738 -0.0246 54.961
0.2462 -0.0276 55.2072
0.2176 -0.0286 55.4248
0.1899 -0.0277 55.6147
0.1645 -0.0254 55.7792
0.1427 -0.0218 55.9219
0.1281 -0.0146 56.05
0.1071 -0.021 56.1571
0.1341 0.027 56.2912
0.2166 0.0825 56.5078
0.3171 0.1005 56.8249
0.3892 0.0721 57.2141
0.47 0.0808 57.6841
0.5103 0.0403 58.1944
0.5239 0.0136 58.7183
0.5118 -0.0121 59.2301
0.4789 -0.0329 59.709
0.4303 -0.0486 60.1393
0.3718 -0.0585 60.5111
0.3088 -0.063 60.8199
0.2467 -0.0621 61.0666
0.1896 -0.0571 61.2562
0.1408 -0.0488 61.397
0.1151 -0.0257 61.5121
0.1214 0.0063 61.6335
0.147 0.0256 61.7805
0.1775 0.0305 61.958
0.207 0.0295 62.165
0.2316 0.0246 62.3966
0.2491 0.0175 62.6457
0.2582 0.0091 62.9039
0.259 0.0008 63.1629
0.2519 -0.0071 63.4148
0.2383 -0.0136 63.6531
0.22 -0.0183 63.8731
0.1988 -0.0212 64.0719
0.1883 -0.0105 64.2602
0.2317 0.0434 64.4919
0.3146 0.0829 64.8065
0.3926 0.078 65.1991
0.4524 0.0598 65.6515
0.4872 0.0348 66.1387
0.4958 0.0086 66.6345
0.4797 -0.0161 67.1142
0.4427 -0.037 67.5569
0.3902 -0.0525 67.9471
0.3282 -0.062 68.2753
0.2632 -0.065 68.5385
0.2008 -0.0624 68.7393
0.1561 -0.0447 68.8954
0.1098 -0.0463 69.0052
0.0808 -0.029 69.086
0.0521 -0.0287 69.1381
0.0416 -0.0105 69.1797
0.0415 -0.0001 69.2212
0.0651 0.0236 69.2863
0.1438 0.0787 69.4301
0.3108 0.167 69.7409
0.4691 0.1583 70.21
0.5962 0.1271 70.8062
0.6644 0.0682 71.4706
0.7051 0.0407 72.1757
0.7 -0.0051 72.8757
0.6545 -0.0455 73.5302
0.576 -0.0785 74.1062
0.497 -0.079 74.6032
0.3777 -0.1193 74.9809
0.3404 -0.0373 75.3213
0.3242 -0.0162 75.6455
0.3172 -0.007 75.9627
0.3121 -0.0051 76.2748
0.3063 -0.0058 76.5811
0.2981 -0.0082 76.8792
0.2867 -0.0114 77.1659
0.272 -0.0147 77.4379
0.2544 -0.0176 77.6923
0.2929 0.0385 77.9852
0.4162 0.1233 78.4014
0.5606 0.1444 78.962
0.678 0.1174 79.64
0.7503 0.0723 80.3903
0.7712 0.0209 81.1615
0.7534 -0.0178 81.9149
0.6934 -0.06 82.6083
0.6004 -0.093 83.2087
0.486 -0.1144 83.6947
0.3634 -0.1226 84.0581
0.2452 -0.1182 84.3033
0.1418 -0.1034 84.4451
0.0608 -0.081 84.5059
0.0065 -0.0543 84.5124
-0.0198 -0.0263 84.4926
-0.02 -0.0002 84.4726
0.0481 0.0681 84.5207
0.1338 0.0857 84.6545
0.3344 0.2006 84.9889
0.524 0.1896 85.5129
0.6764 0.1524 86.1893
0.7703 0.0939 86.9596
0.8005 0.0302 87.7601
0.7697 -0.0308 88.5298
0.7391 -0.0306 89.2689
0.8204 0.0813 90.0893
0.8811 0.0607 90.9704
0.9012 0.0201 91.8716
0.8719 -0.0293 92.7435
0.7978 -0.0741 93.5413
0.6884 -0.1094 94.2297
0.5566 -0.1318 94.7863
0.4168 -0.1398 95.2031
0.2831 -0.1337 95.4862
0.3058 0.0227 95.792
0.4735 0.1677 96.2655
0.6519 0.1784 96.9174
0.8032 0.1513 97.7206
0.9005 0.0973 98.6211
0.9342 0.0337 99.5553
0.9043 -0.0299 100.46
0.9323 0.028 101.392
0.9825 0.0502 102.374
0.991 0.0085 103.365
0.9503 -0.0407 104.316
0.8626 -0.0877 105.178
0.7381 -0.1245 105.916
0.5911 -0.147 106.507
0.4374 -0.1537 106.945
0.2919 -0.1455 107.237
0.1674 -0.1245 107.404
0.0964 -0.071 107.501
0.3256 0.2292 107.826
0.6657 0.3401 108.492
0.9901 0.3244 109.482
1.2383 0.2482 110.72
1.3785 0.1402 112.099
1.4019 0.0234 113.501
1.3164 -0.0855 114.817
1.1602 -0.1562 115.977
1.0655 -0.0947 117.043
0.9548 -0.1107 117.998
0.8237 -0.1311 118.821
0.6778 -0.1459 119.499
0.5288 -0.149 120.028
0.4062 -0.1226 120.434
0.5392 0.133 120.973
0.7595 0.2203 121.733
0.969 0.2095 122.702
1.1216 0.1526 123.823
1.1945 0.0729 125.018
1.1829 -0.0116 126.201
1.0931 -0.0898 127.294
0.9403 -0.1528 128.234
0.746 -0.1943 128.98
0.5346 -0.2114 129.515
0.3473 -0.1873 129.862
0.3928 0.0455 130.255
0.5462 0.1534 130.801
0.7119 0.1657 131.513
0.8494 0.1375 132.362
0.9348 0.0854 133.297
0.9586 0.0238 134.256
0.9208 -0.0378 135.177
0.8289 -0.0919 136.006
0.7251 -0.1038 136.731
0.603 -0.1221 137.334
0.564 -0.039 137.898
0.5269 -0.0371 138.425
0.49 -0.0369 138.915
0.4491 -0.0409 139.364
0.405 -0.0441 139.769
0.4387 0.0337 140.207
0.5891 0.1504 140.796
0.7346 0.1455 141.531
0.844 0.1094 142.375
0.8972 0.0532 143.272
0.8896 -0.0076 144.162
0.825 -0.0646 144.987
0.7138 -0.1112 145.701
0.5713 -0.1425 146.272
0.4151 -0.1562 146.687
0.2629 -0.1522 146.95
0.1297 -0.1332 147.08
0.0339 -0.0958 147.114
0.0563 0.0224 147.17
0.1697 0.1134 147.34
0.305 0.1353 147.645
0.4346 0.1296 148.079
0.537 0.1024 148.616
0.6004 0.0634 149.217
0.6193 0.0189 149.836
0.5944 -0.0249 150.43
0.5316 -0.0628 150.962
0.5003 -0.0313 151.462
0.5174 0.0171 151.98
0.5258 0.0084 152.505
0.5174 -0.0084 153.023
0.4891 -0.0283 153.512
0.4431 -0.046 153.955
0.384 -0.0591 154.339
0.3176 -0.0664 154.657
0.2503 -0.0673 154.907
0.1883 -0.062 155.095
0.1366 -0.0517 155.232
0.0988 -0.0378 155.331
0.0764 -0.0224 155.407
0.0695 -0.0069 155.476
0.1611 0.0916 155.638
0.2006 0.0395 155.838
0.3196 0.119 156.158
0.4253 0.1057 156.583
0.5059 0.0806 157.089
0.5484 0.0425 157.637
0.5501 0.0017 158.187
0.5134 -0.0367 158.701
0.4451 -0.0683 159.146
0.3554 -0.0897 159.501
0.2563 -0.0991 159.758
0.1598 -0.0965 159.917
0.0764 -0.0834 159.994
0.0137 -0.0627 160.008
-0.0238 -0.0375 159.984
-0.0348 -0.011 159.949
-0.0213 0.0135 159.928
0.0123 0.0336 159.94
0.0595 0.0472 159.999
0.1129 0.0534 160.112
0.1652 0.0523 160.278
0.6893 0.5241 160.967
0.5657 -0.1236 161.533
0.5598 -0.0059 162.092
0.6192 0.0594 162.712
0.6556 0.0364 163.367
0.6883 0.0327 164.055
0.6724 -0.0159 164.728
0.6184 -0.054 165.346
0.5325 -0.0859 165.879
0.4261 -0.1064 166.305
0.3121 -0.114 166.617
0.203 -0.1091 166.82
0.1095 -0.0935 166.929
0.0394 -0.0701 166.969
-0.003 -0.0424 166.966
-0.017 -0.014 166.949
-0.0049 0.0121 166.944
0.0282 0.0331 166.972
0.0755 0.0473 167.048
0.1291 0.0536 167.177
0.1814 0.0523 167.358
0.2257 0.0443 167.584
0.2573 0.0316 167.841
0.2745 0.0172 168.116
0.2728 -0.0017 168.388
0.2571 -0.0157 168.646
0.2294 -0.0277 168.875
0.194 -0.0354 169.069
0.1479 -0.0461 169.217
0.1114 -0.0365 169.328
0.0774 -0.034 169.406
0.063 -0.0144 169.469
0.0554 -0.0076 169.524
0.0572 0.0018 169.581
0.0673 0.0101 169.649
0.0804 0.0131 169.729
0.1051 0.0247 169.834
0.1231 0.018 169.957
0.1443 0.0212 170.101
0.1588 0.0145 170.26
0.1726 0.0138 170.433
0.1797 0.0071 170.613
0.1831 0.0034 170.796
0.1782 -0.0049 170.974
0.1709 -0.0073 171.145
0.1586 -0.0123 171.303
0.1383 -0.0203 171.442
0.1235 -0.0148 171.565
0.1134 -0.0101 171.679
0.1028 -0.0106 171.781
0.0982 -0.0046 171.88
0.0979 -0.0003 171.977
0.1018 0.0039 172.079
0.1105 0.0087 172.19
0.118 0.0075 172.308
0.1298 0.0118 172.438
0.1389 0.0091 172.576
0.1463 0.0074 172.723
0.1566 0.0103 172.879
0.3449 0.1883 173.224
0.6462 0.3013 173.87
0.1566 -0.4896 174.027
0.0759 -0.0807 174.103
-0.0375 -0.1134 174.065
-0.0995 -0.062 173.966
-0.132 -0.0325 173.834
-0.1476 -0.0156 173.686
-0.1381 0.0095 173.548
-0.0972 0.0409 173.451
-0.0306 0.0666 173.42
0.0359 0.0665 173.456
0.1141 0.0782 173.57
0.17 0.0559 173.74
0.2095 0.0395 173.95
0.2484 0.0389 174.198
0.2606 0.0122 174.459
0.252 -0.0086 174.711
0.2216 -0.0304 174.932
0.2251 0.0035 175.158
0.2604 0.0353 175.418
0.3691 0.1087 175.787
0.4488 0.0797 176.236
0.5082 0.0594 176.744
0.5186 0.0104 177.263
0.4907 -0.0279 177.753
0.4172 -0.0735 178.171
0.3315 -0.0857 178.502
0.2372 -0.0943 178.739
0.1312 -0.106 178.87
0.1314 0.0002 179.002
0.2529 0.1215 179.255
0.3753 0.1224 179.63
0.4859 0.1106 180.116
0.5642 0.0783 180.68
0.5977 0.0335 181.278
0.5904 -0.0073 181.868
0.5363 -0.0541 182.405
0.45 -0.0863 182.855
0.3436 -0.1064 183.198
0.2537 -0.0899 183.452
0.1899 -0.0638 183.642
0.2699 0.08 183.912
0.4107 0.1408 184.322
0.5262 0.1155 184.849
0.6217 0.0955 185.47
0.7164 0.0947 186.187
1.0145 0.2981 187.201
1.2224 0.2079 188.424
1.4166 0.1942 189.84
1.442 0.0254 191.282
1.294 -0.148 192.576
1.054 -0.24 193.63
0.8395 -0.2145 194.47
0.8991 0.0596 195.369
0.992 0.0929 196.361
1.0561 0.0641 197.417
1.0719 0.0158 198.489
1.179 0.1071 199.668
1.7221 0.5431 201.39
2.0552 0.3331 203.445
2.4071 0.3519 205.852
2.5076 0.1005 208.36
2.4891 -0.0185 210.849
2.2657 -0.2234 213.115
1.9658 -0.2999 215.08
1.891 -0.0748 216.971
1.7738 -0.1172 218.745
1.6008 -0.173 220.346
1.4893 -0.1115 221.835
1.1987 -0.2906 223.034
1.1725 -0.0262 224.206
1.2863 0.1138 225.493
1.4009 0.1146 226.894
1.4487 0.0478 228.342
1.4267 -0.022 229.769
1.3344 -0.0923 231.103
1.2166 -0.1178 232.32
1.1286 -0.088 233.449
1.2267 0.0981 234.675
1.3079 0.0812 235.983
1.3416 0.0337 237.325
1.3082 -0.0334 238.633
1.2096 -0.0986 239.843
1.0562 -0.1534 240.899
0.8659 -0.1903 241.765
0.6992 -0.1667 242.464
0.5546 -0.1446 243.019
0.4265 -0.1281 243.445
0.3201 -0.1064 243.765
0.253 -0.0671 244.018
0.1846 -0.0684 244.203
0.1549 -0.0297 244.358
0.1607 0.0058 244.518
0.3409 0.1802 244.859
0.5514 0.2105 245.411
0.7402 0.1888 246.151
0.8514 0.1112 247.002
0.9329 0.0815 247.935
0.9117 -0.0212 248.847
0.8197 -0.092 249.667
0.7067 -0.113 250.373
0.5026 -0.2041 250.876
0.3557 -0.1469 251.232
0.1554 -0.2003 251.387
0.0201 -0.1353 251.407
-0.0731 -0.0932 251.334
-0.1167 -0.0436 251.217
-0.1147 0.002 251.103
-0.0737 0.041 251.029
-0.0042 0.0695 251.025
0.0811 0.0853 251.106
0.1691 0.088 251.275
0.2481 0.079 251.523
0.3091 0.061 251.832
0.3473 0.0382 252.179
0.3642 0.0169 252.544
0.36 -0.0042 252.904
0.3358 -0.0242 253.239
0.2941 -0.0417 253.533
0.2409 -0.0532 253.774
0.183 -0.0579 253.957
0.1275 -0.0555 254.085
0.0803 -0.0472 254.165
0.0458 -0.0345 254.211
0.0264 -0.0194 254.237
0.0226 -0.0038 254.26
0.0333 0.0107 254.293
0.0555 0.0222 254.349
0.0854 0.0299 254.434
0.1185 0.0331 254.553
0.1506 0.0321 254.703
0.1779 0.0273 254.881
-0.1898 -0.3677 254.691
-0.0314 0.1584 254.66
-0.1999 -0.1685 254.46
-0.3421 -0.1422 254.118
-0.4611 -0.119 253.657
-0.5236 -0.0625 253.133
-0.5479 -0.0243 252.585
-0.7931 -0.2452 251.792
-1.0131 -0.22 250.779
-1.1528 -0.1397 249.626
-1.1955 -0.0427 248.431
-1.1383 0.0572 247.293
-0.9866 0.1517 246.306
-0.764 0.2226 245.542
-0.5345 0.2295 245.007
-0.7244 -0.1899 244.283
-0.9719 -0.2475 243.311
-1.1914 -0.2195 242.12
-1.3256 -0.1342 240.794
-1.3648 -0.0392 239.429
-1.7213 -0.3565 237.708
-2.0432 -0.3219 235.665
-2.2315 -0.1883 233.433
-2.2419 -0.0104 231.191
-2.0809 0.161 229.111
-1.8382 0.2427 227.272
-1.8419 -0.0037 225.43
-1.8489 -0.007 223.582
-1.7905 0.0584 221.791
-1.6485 0.142 220.143
-1.3802 0.2683 218.762
-1.0337 0.3465 217.729
-0.7784 0.2553 216.95
-0.6869 0.0915 216.263
-0.6315 0.0554 215.632
-0.6011 0.0304 215.031
-0.5567 0.0444 214.474
-0.5135 0.0432 213.961
-0.4937 0.0198 213.467
-0.6014 -0.1077 212.865
-0.7184 -0.117 212.147
-0.771 -0.0526 211.376
-0.7818 -0.0108 210.594
-0.7276 0.0542 209.867
-0.6755 0.0521 209.191
-0.6063 0.0692 208.585
-0.5305 0.0758 208.054
-0.4328 0.0977 207.622
-0.3204 0.1124 207.301
-0.2258 0.0946 207.075
-0.0895 0.1363 206.986
0.0134 0.1029 206.999
0.0962 0.0828 207.095
0.1528 0.0566 207.248
0.1832 0.0304 207.431
0.1897 0.0065 207.621
0.1736 -0.0161 207.795
0.1334 -0.0402 207.928
0.0839 -0.0495 208.012
0.0343 -0.0496 208.046
-0.0078 -0.0421 208.039
-0.0325 -0.0247 208.006
-0.051 -0.0185 207.955
-0.0505 0.0005 207.905
-0.0364 0.0141 207.868
-0.0027 0.0337 207.865
0.0354 0.0381 207.901
-0.1228 -0.1582 207.778
0.194 0.3168 207.972
0.3816 0.1876 208.354
0.527 0.1454 208.881
0.6 0.073 209.481
0.6428 0.0428 210.123
0.6202 -0.0226 210.744
0.5516 -0.0686 211.295
0.471 -0.0806 211.766
0.3289 -0.1421 212.095
0.2032 -0.1257 212.298
0.0893 -0.1139 212.388
0.0003 -0.089 212.388
-0.058 -0.0583 212.33
-0.0828 -0.0248 212.247
-0.0756 0.0072 212.172
-0.0411 0.0345 212.13
0.0133 0.0544 212.144
0.1577 0.1444 212.301
0.3408 0.1831 212.642
0.6243 0.2835 213.267
0.8634 0.2391 214.13
1.0252 0.1618 215.155
1.0886 0.0634 216.244
1.0546 -0.034 217.298
0.9355 -0.1191 218.234
0.7552 -0.1803 218.989
0.7252 -0.03 219.714
0.8029 0.0777 220.517
0.874 0.0711 221.391
0.9128 0.0388 222.304
0.9055 -0.0073 223.209
0.8518 -0.0537 224.061
0.7574 -0.0944 224.819
0.6332 -0.1242 225.452
0.4928 -0.1404 225.945
0.3513 -0.1415 226.296
0.2364 -0.1149 226.532
0.5652 0.3288 227.098
1.2091 0.6439 228.307
1.8284 0.6193 230.135
2.3467 0.5183 232.482
2.7101 0.3634 235.192
2.8725 0.1624 238.064
2.8218 -0.0507 240.886
2.5815 -0.2403 243.468
2.2093 -0.3722 245.677
1.7513 -0.458 247.428
1.2573 -0.494 248.686
0.7791 -0.4782 249.465
0.3595 -0.4196 249.824
0.0333 -0.3262 249.857
0.1618 0.1285 250.019
0.7568 0.595 250.776
1.4144 0.6576 252.19
2.0437 0.6293 254.234
2.5845 0.5408 256.819
2.9852 0.4007 259.804
3.2171 0.2319 263.021
3.2397 0.0226 266.261
3.0711 -0.1686 269.332
2.749 -0.3221 272.081
2.3227 -0.4263 274.403
1.8425 -0.4802 276.246
1.3563 -0.4862 277.602
0.9024 -0.4539 278.505
0.5098 -0.3926 279.014
0.272 -0.2378 279.286
0.2868 0.0148 279.573
0.446 0.1592 280.019
0.6433 0.1973 280.663
0.8302 0.1869 281.493
0.975 0.1448 282.468
1.0615 0.0865 283.529
1.0851 0.0236 284.614
1.0485 -0.0366 285.663
0.9893 -0.0592 286.652
1.059 0.0697 287.711
1.2128 0.1538 288.924
1.3278 0.115 290.252
1.3772 0.0494 291.629
1.3522 -0.025 292.981
1.2595 -0.0927 294.241
1.1455 -0.114 295.386
0.9713 -0.1742 296.358
0.8158 -0.1555 297.173
0.5797 -0.2361 297.753
0.3914 -0.1883 298.144
0.2304 -0.161 298.375
0.108 -0.1224 298.483
0.0255 -0.0825 298.508
0.1032 0.0777 298.612
0.4011 0.2979 299.013
0.7324 0.3313 299.745
1.0219 0.2895 300.767
1.2265 0.2046 301.993
1.3299 0.1034 303.323
1.3323 0.0024 304.656
1.2446 -0.0877 305.9
1.0857 -0.1589 306.986
0.9244 -0.1613 307.91
0.6608 -0.2636 308.571
0.4378 -0.223 309.009
0.2387 -0.1991 309.248
0.0807 -0.158 309.328
-0.0313 -0.112 309.297
-0.0731 -0.0418 309.224
0.1298 0.2029 309.354
0.44 0.3102 309.794
0.6852 0.2452 310.479
0.9798 0.2946 311.459
1.1397 0.1599 312.598
1.2001 0.0604 313.798
1.179 -0.0211 314.977
1.1015 -0.0775 316.079
0.9171 -0.1844 316.996
0.7612 -0.1559 317.757
0.5176 -0.2436 318.275
0.3212 -0.1964 318.596
0.1525 -0.1687 318.749
0.0312 -0.1213 318.78
0.0769 0.0457 318.857
0.2415 0.1646 319.098
0.4271 0.1856 319.525
0.5967 0.1696 320.122
0.7248 0.1281 320.847
0.7987 0.0739 321.645
0.8149 0.0162 322.46
0.7793 -0.0356 323.24
0.8139 0.0346 324.054
0.8595 0.0456 324.913
0.871 0.0115 325.784
0.842 -0.029 326.626
0.791 -0.051 327.417
0.6792 -0.1118 328.096
0.5632 -0.116 328.659
0.5103 -0.0529 329.17
0.4829 -0.0274 329.653
0.4594 -0.0235 330.112
0.4345 -0.0249 330.547
0.4061 -0.0284 330.953
0.3744 -0.0317 331.327
0.4065 0.0321 331.734
0.4994 0.0929 332.233
0.5837 0.0843 332.817
0.6427 0.059 333.459
0.666 0.0233 334.125
0.6521 -0.0139 334.777
0.6042 -0.0479 335.382
0.5289 -0.0753 335.911
0.4355 -0.0934 336.346
0.3345 -0.101 336.681
0.2494 -0.0851 336.93
0.2473 -0.0021 337.177
0.2816 0.0343 337.459
0.3247 0.0431 337.784
0.3641 0.0394 338.148
0.3922 0.0281 338.54
0.4047 0.0125 338.945
0.4497 0.045 339.394
0.5395 0.0898 339.934
0.6094 0.0699 340.543
0.6468 0.0374 341.19
0.6452 -0.0016 341.835
0.6067 -0.0385 342.442
0.5372 -0.0695 342.979
0.4458 -0.0914 343.425
0.3436 -0.1022 343.768
0.2418 -0.1018 344.01
0.1503 -0.0915 344.161
-0.1124 -0.2627 344.048
0.1166 0.229 344.165
0.2074 0.0908 344.372
0.3104 0.103 344.683
0.388 0.0776 345.071
0.4414 0.0534 345.512
0.4653 0.0239 345.977
0.4912 0.0259 346.468
0.5396 0.0484 347.008
0.5689 0.0293 347.577
0.5687 -0.0002 348.146
0.5378 -0.0309 348.683
0.4806 -0.0572 349.164
0.4045 -0.0761 349.569
0.3185 -0.086 349.887
0.232 -0.0865 350.119
0.1534 -0.0786 350.272
0.0896 -0.0638 350.362
0.045 -0.0446 350.407
0.0214 -0.0236 350.428
0.0184 -0.003 350.447
0.0343 0.0159 350.481
0.0984 0.0641 350.58
0.2209 0.1225 350.8
0.3408 0.1199 351.141
0.4399 0.0991 351.581
0.5046 0.0647 352.086
0.5297 0.0251 352.615
0.5155 -0.0142 353.131
0.4674 -0.0481 353.598
0.4409 -0.0265 354.039
0.4201 -0.0208 354.459
0.3883 -0.0318 354.848
0.3464 -0.0419 355.194
0.2976 -0.0488 355.492
0.2463 -0.0513 355.738
0.1972 -0.0491 355.935
0.1545 -0.0427 356.09
0.1211 -0.0334 356.211
0.099 -0.0221 356.31
0.0887 -0.0103 356.398
0.0921 0.0034 356.491
0.1402 0.0481 356.631
0.2107 0.0705 356.841
0.2788 0.0681 357.12
0.3335 0.0547 357.454
0.3678 0.0343 357.822
0.3786 0.0108 358.2
0.3662 -0.0124 358.566
0.3334 -0.0328 358.9
0.2852 -0.0482 359.185
0.2401 -0.0451 359.425
0.185 -0.0551 359.61
0.2307 0.0457 359.841
0.3126 0.0819 360.153
0.3929 0.0803 360.546
0.4548 0.0619 361.001
0.4889 0.0341 361.49
0.492 0.0031 361.982
0.4537 -0.0383 362.436
0.3605 -0.0932 362.796
0.2501 -0.1104 363.046
0.1385 -0.1116 363.185
0.0404 -0.0981 363.225
-0.0341 -0.0745 363.191
-0.0789 -0.0448 363.112
-0.0921 -0.0132 363.02
-0.0755 0.0166 362.945
-0.0495 0.026 362.895
0.1322 0.1817 363.027
0.2886 0.1564 363.316
0.4264 0.1378 363.742
0.5225 0.0961 364.265
0.57 0.0475 364.835
0.567 -0.003 365.402
0.5182 -0.0488 365.92
0.4333 -0.0849 366.353
0.3256 -0.1077 366.679
0.2103 -0.1153 366.889
0.1019 -0.1084 366.991
0.0124 -0.0895 367.003
-0.0499 -0.0623 366.954
-0.0769 -0.027 366.877
-0.0302 0.0467 366.846
0.0737 0.1039 366.92
0.192 0.1183 367.112
0.3041 0.1121 367.416
0.3938 0.0897 367.81
0.4509 0.0571 368.261
0.4709 0.02 368.732
0.454 -0.0169 369.186
0.4051 -0.0489 369.591
0.3323 -0.0728 369.923
0.2465 -0.0858 370.17
0.1589 -0.0876 370.329
0.08 -0.0789 370.409
0.0181 -0.0619 370.427
0.0255 0.0074 370.452
0.0302 0.0047 370.482
0.1059 0.0757 370.588
0.192 0.0861 370.78
0.2762 0.0842 371.057
0.3442 0.068 371.401
0.3881 0.0439 371.789
0.4038 0.0157 372.193
0.3912 -0.0126 372.584
0.3536 -0.0376 372.937
0.3096 -0.044 373.247
0.2314 -0.0782 373.478
0.1619 -0.0695 373.64
0.1041 -0.0578 373.744
0.1075 0.0034 373.852
0.1507 0.0432 374.003
0.2052 0.0545 374.208
0.2593 0.0541 374.467
0.3039 0.0446 374.771
0.3329 0.029 375.104
0.343 0.0101 375.447
0.3338 -0.0092 375.781
0.3071 -0.0267 376.088
0.2668 -0.0403 376.355
0.2183 -0.0485 376.573
0.1677 -0.0506 376.741
0.1208 -0.0469 376.861
0.1013 -0.0195 376.963
0.1244 0.0231 377.087
0.1901 0.0657 377.277
0.2378 0.0477 377.515
0.298 0.0602 377.813
0.3313 0.0333 378.144
0.3447 0.0134 378.489
0.3364 -0.0083 378.825
0.3091 -0.0273 379.135
0.267 -0.0421 379.402
0.2159 -0.0511 379.617
0.1625 -0.0534 379.78
0.113 -0.0495 379.893
0.0728 -0.0402 379.966
0.0455 -0.0273 380.011
0.0632 0.0177 380.074
0.1446 0.0814 380.219
0.2763 0.1317 380.495
0.4014 0.1251 380.897
0.4994 0.098 381.396
0.5486 0.0492 381.945
0.5681 0.0195 382.513
0.5363 -0.0318 383.049
0.4668 -0.0695 383.516
0.3699 -0.0969 383.886
0.2597 -0.1102 384.146
0.1507 -0.109 384.296
0.0562 -0.0945 384.352
0.0127 -0.0435 384.365
0.0226 0.0099 384.388
0.0602 0.0376 384.448
0.1036 0.0434 384.552
0.1763 0.0727 384.728
0.2357 0.0594 384.964
0.2841 0.0484 385.248
0.3145 0.0304 385.562
0.3245 0.01 385.887
0.314 -0.0105 386.201
0.2855 -0.0285 386.486
0.2874 0.0019 386.774
0.3466 0.0592 387.12
0.4114 0.0648 387.532
0.4589 0.0475 387.99
0.4777 0.0188 388.468
0.4708 -0.0069 388.939
0.4346 -0.0362 389.374
0.3758 -0.0588 389.749
0.3021 -0.0737 390.051
0.2228 -0.0793 390.274
0.1616 -0.0612 390.436
0.0842 -0.0774 390.52
0.037 -0.0472 390.557
0.0107 -0.0263 390.568
0.0074 -0.0033 390.575
0.0243 0.0169 390.599
0.0895 0.0652 390.689
0.1756 0.0861 390.865
0.4214 0.2458 391.286
0.6102 0.1888 391.896
0.7483 0.1381 392.644
0.8119 0.0636 393.456
0.8083 -0.0036 394.265
0.7427 -0.0656 395.007
0.5928 -0.1499 395.6
0.4276 -0.1652 396.028
0.3023 -0.1253 396.33
0.2363 -0.066 396.566
0.1944 -0.0419 396.761
0.1768 -0.0176 396.938
0.1712 -0.0056 397.109
0.1816 0.0104 397.29
0.2009 0.0193 397.491
0.2241 0.0232 397.715
0.2487 0.0246 397.964
0.3884 0.1397 398.352
0.5853 0.1969 398.938
0.7538 0.1685 399.692
0.8627 0.1089 400.554
0.8963 0.0336 401.451
0.8543 -0.042 402.305
0.7461 -0.1082 403.051
0.5893 -0.1568 403.64
0.407 -0.1823 404.047
0.2235 -0.1835 404.271
0.0612 -0.1623 404.332
-0.0631 -0.1243 404.269
-0.1388 -0.0757 404.13
-0.1628 -0.024 403.967
-0.1381 0.0247 403.829
0.0924 0.2305 403.922
0.1351 0.0427 404.057
0.3834 0.2483 404.44
0.6066 0.2232 405.047
0.7831 0.1765 405.83
0.8809 0.0978 406.711
0.8929 0.012 407.604
0.83 -0.0629 408.434
0.8651 0.0351 409.299
0.9078 0.0427 410.206
0.9061 -0.0017 411.113
0.8526 -0.0535 411.965
0.7518 -0.1008 412.717
0.6164 -0.1354 413.333
0.4628 -0.1536 413.796
0.3088 -0.154 414.105
0.1965 -0.1123 414.301
0.2581 0.0616 414.56
0.4571 0.199 415.017
0.6664 0.2093 415.683
0.8427 0.1763 416.526
0.9541 0.1114 417.48
0.9874 0.0333 418.467
0.9896 0.0022 419.457
1.056 0.0664 420.513
1.0759 0.0199 421.589
1.0343 -0.0416 422.623
0.931 -0.1033 423.554
0.7787 -0.1523 424.333
0.5966 -0.1821 424.929
0.4066 -0.19 425.336
0.2301 -0.1765 425.566
0.0846 -0.1455 425.651
0.0146 -0.07 425.665
0.2876 0.273 425.953
0.5843 0.2967 426.537
0.9393 0.355 427.476
1.1727 0.2334 428.649
1.3906 0.2179 430.04
1.4374 0.0468 431.477
1.3594 -0.078 432.837
1.2119 -0.1475 434.048
1.109 -0.1029 435.157
0.9648 -0.1442 436.122
0.7925 -0.1723 436.915
0.6049 -0.1876 437.52
0.4212 -0.1837 437.941
0.3649 -0.0563 438.306
0.5605 0.1956 438.866
0.7886 0.2281 439.655
0.9957 0.2071 440.651
1.1364 0.1407 441.787
1.1916 0.0552 442.979
1.157 -0.0346 444.136
1.0411 -0.1159 445.177
0.8623 -0.1788 446.039
0.6459 -0.2164 446.685
0.425 -0.2209 447.11
0.4089 -0.0161 447.519
0.5391 0.1302 448.058
0.691 0.1519 448.749
0.8242 0.1332 449.573
0.9104 0.0862 450.483
0.9373 0.0269 451.421
0.9029 -0.0344 452.324
0.813 -0.0899 453.137
0.6805 -0.1325 453.817
0.5999 -0.0806 454.417
0.5632 -0.0367 454.98
0.5264 -0.0368 455.507
0.4856 -0.0408 455.992
0.4393 -0.0463 456.432
0.3997 -0.0396 456.831
0.4772 0.0775 457.308
0.6317 0.1545 457.94
0.7707 0.139 458.711
0.8511 0.0804 459.562
0.8978 0.0467 460.46
0.8752 -0.0226 461.335
0.7945 -0.0807 462.129
0.6965 -0.098 462.826
0.5492 -0.1473 463.375
0.3883 -0.1609 463.763
0.2312 -0.1571 463.995
0.0956 -0.1356 464.09
0.0449 -0.0507 464.135
0.0909 0.046 464.226
0.2101 0.1192 464.436
0.3444 0.1343 464.781
0.4678 0.1234 465.248
0.545 0.0772 465.793
0.611 0.066 466.404
0.6177 0.0067 467.022
0.5806 -0.0371 467.603
0.5336 -0.047 468.136
0.5424 0.0088 468.679
0.5529 0.0105 469.232
0.5449 -0.008 469.776
0.5144 -0.0305 470.291
0.4633 -0.0511 470.754
0.3969 -0.0664 471.151
0.3221 -0.0748 471.473
0.2466 -0.0755 471.72
0.1776 -0.069 471.897
0.1211 -0.0565 472.018
0.0813 -0.0398 472.1
0.0598 -0.0215 472.16
0.0566 -0.0032 472.216
0.1285 0.0719 472.345
0.1669 0.0384 472.512
0.2944 0.1275 472.806
0.4156 0.1212 473.222
0.5125 0.0969 473.734
0.569 0.0565 474.303
0.5803 0.0113 474.883
0.5476 -0.0327 475.431
0.4942 -0.0534 475.925
0.3838 -0.1104 476.309
0.2746 -0.1092 476.584
0.1663 -0.1083 476.75
0.0728 -0.0935 476.823
0.0023 -0.0705 476.825
-0.0397 -0.042 476.785
-0.0515 -0.0118 476.734
-0.0353 0.0162 476.698
0.0038 0.0391 476.702
0.0584 0.0546 476.761
0.1198 0.0614 476.88
0.1794 0.0596 477.06
0.7436 0.5642 477.803
0.5796 -0.164 478.383
0.5945 0.0149 478.978
0.6668 0.0723 479.644
0.7337 0.0669 480.378
0.7621 0.0284 481.14
0.7441 -0.018 481.884
0.6817 -0.0624 482.566
0.5836 -0.0981 483.15
0.4879 -0.0957 483.637
0.3609 -0.127 483.998
0.2601 -0.1008 484.258
0.1263 -0.1338 484.385
0.0383 -0.088 484.423
-0.0103 -0.0486 484.413
-0.0404 -0.0301 484.372
-0.0426 -0.0022 484.33
-0.0153 0.0273 484.314
0.0196 0.0349 484.334
0.0854 0.0658 484.419
0.1452 0.0598 484.565
0.2001 0.0549 484.765
0.2427 0.0426 485.007
0.2726 0.0299 485.28
0.2775 0.0049 485.558
0.2644 -0.0131 485.822
0.2361 -0.0283 486.058
0.1893 -0.0468 486.247
0.1452 -0.0441 486.393
0.1038 -0.0414 486.496
0.0699 -0.0339 486.566
0.0504 -0.0195 486.617
0.0368 -0.0136 486.653
0.035 -0.0018 486.688
0.0439 0.0089 486.732
0.0619 0.018 486.794
0.0859 0.024 486.88
0.1128 0.0269 486.993
0.139 0.0262 487.132
0.1753 0.0363 487.307
0.1871 0.0118 487.494
0.187 -0.0001 487.681
0.1757 -0.0113 487.857
0.1587 -0.017 488.016
0.138 -0.0207 488.154
0.1168 -0.0212 488.271
0.0943 -0.0225 488.365
0.0806 -0.0137 488.445
0.0734 -0.0072 488.519
0.0725 -0.0009 488.591
0.0773 0.0048 488.669
0.087 0.0097 488.756
0.1004 0.0134 488.856
0.1125 0.0121 488.969
0.1276 0.0151 489.096
0.1439 0.0163 489.24
0.1546 0.0107 489.395
0.1703 0.0157 489.565
0.3913 0.221 489.956
0.7146 0.3233 490.671
0.1548 -0.5598 490.826
0.0662 -0.0886 490.892
-0.0619 -0.1281 490.83
-0.1742 -0.1123 490.656
-0.2789 -0.1047 490.377
-0.3266 -0.0477 490.05
-0.3311 -0.0045 489.719
-0.3039 0.0272 489.415
-0.2395 0.0644 489.176
-0.1497 0.0898 489.026
-0.0461 0.1036 488.98
0.0583 0.1044 489.038
0.1554 0.0971 489.194
0.225 0.0696 489.419
0.2833 0.0583 489.702
0.3142 0.0309 490.016
0.3194 0.0052 490.336
0.3045 -0.0149 490.64
0.31 0.0055 490.95
0.3421 0.0321 491.292
0.4129 0.0708 491.705
0.4677 0.0548 492.173
0.4973 0.0296 492.67
0.496 -0.0013 493.166
0.4653 -0.0307 493.631
0.3961 -0.0692 494.027
0.3192 -0.0769 494.347
0.2365 -0.0827 494.583
0.158 -0.0785 494.741
0.1478 -0.0102 494.889
0.2828 0.135 495.172
0.4128 0.13 495.585
0.5081 0.0953 496.093
0.5945 0.0864 496.687
0.6444 0.0499 497.332
0.6205 -0.0239 497.952
0.5662 -0.0543 498.518
0.4681 -0.0981 498.986
0.3743 -0.0938 499.361
0.2281 -0.1462 499.589
0.222 -0.0061 499.811
0.3264 0.1044 500.137
0.4479 0.1215 500.585
0.5576 0.1097 501.143
0.6339 0.0763 501.777
0.8794 0.2455 502.656
1.1267 0.2473 503.783
1.3998 0.2731 505.182
1.5074 0.1076 506.69
1.5006 -0.0068 508.19
1.3837 -0.1169 509.574
1.172 -0.2117 510.746
0.9756 -0.1964 511.722
1.0205 0.0449 512.742
1.1251 0.1046 513.867
1.1921 0.067 515.059
1.2049 0.0128 516.264
1.3247 0.1198 517.589
1.9281 0.6034 519.517
2.2914 0.3633 521.809
2.4969 0.2055 524.305
2.5988 0.1019 526.904
2.5271 -0.0717 529.431
2.2377 -0.2894 531.669
2.0776 -0.1601 533.747
2.0212 -0.0564 535.768
1.8951 -0.1261 537.663
1.681 -0.2141 539.344
1.389 -0.292 540.733
1.133 -0.256 541.866
1.1664 0.0334 543.032
1.2339 0.0675 544.266
1.2844 0.0505 545.551
1.309 0.0246 546.86
1.2921 -0.0169 548.152
1.2044 -0.0877 549.356
1.1063 -0.0981 550.462
1.123 0.0167 551.585
1.2595 0.1365 552.845
1.363 0.1035 554.208
1.4034 0.0404 555.611
1.3652 -0.0382 556.977
1.2528 -0.1124 558.229
1.0795 -0.1733 559.309
0.8754 -0.2041 560.184
0.7016 -0.1738 560.886
0.5386 -0.163 561.424
0.3947 -0.1439 561.819
0.2764 -0.1183 562.096
0.1892 -0.0872 562.285
0.1353 -0.0539 562.42
0.1134 -0.0219 562.533
0.2363 0.1229 562.77
0.405 0.1687 563.175
0.6158 0.2108 563.791
0.7905 0.1747 564.581
0.9044 0.1139 565.485
0.9438 0.0394 566.429
0.9091 -0.0347 567.338
0.8339 -0.0752 568.172
0.6971 -0.1368 568.869
0.5288 -0.1683 569.398
0.3498 -0.179 569.748
0.1816 -0.1682 569.93
0.0413 -0.1403 569.971
-0.0594 -0.1007 569.911
-0.1149 -0.0555 569.797
-0.1251 -0.0102 569.671
-0.0949 0.0302 569.577
-0.0335 0.0614 569.543
0.0474 0.0809 569.59
0.135 0.0876 569.725
0.2172 0.0822 569.943
0.284 0.0668 570.227
0.3307 0.0467 570.557
0.3552 0.0245 570.913
0.36 0.0048 571.273
0.3426 -0.0174 571.615
0.3056 -0.037 571.921
0.2548 -0.0508 572.176
0.197 -0.0578 572.373
0.1395 -0.0575 572.512
0.0889 -0.0506 572.601
0.05 -0.0389 572.651
0.0261 -0.0239 572.677
0.0183 -0.0078 572.695
0.0257 0.0074 572.721
0.0459 0.0202 572.767
0.0752 0.0293 572.842
0.109 0.0338 572.951
0.1428 0.0338 573.094
0.1724 0.0296 573.266
0.1433 -0.0291 573.41
-0.0648 -0.2081 573.345
-0.2779 -0.2131 573.067
-0.4586 -0.1807 572.608
-0.5748 -0.1162 572.034
-0.6158 -0.041 571.418
-0.6423 -0.0265 570.775
-0.8702 -0.2279 569.905
-1.0425 -0.1723 568.863
-1.1294 -0.0869 567.733
-1.1275 0.0019 566.606
-1.0302 0.0973 565.576
-0.8509 0.1793 564.725
-0.615 0.2359 564.11
-0.4953 0.1197 563.614
-0.7465 -0.2512 562.868
-1.0096 -0.2631 561.858
-1.2301 -0.2205 560.628
-1.354 -0.1239 559.274
-1.5062 -0.1522 557.768
-1.8879 -0.3817 555.88
-2.1702 -0.2823 553.71
-2.2927 -0.1225 551.417
-2.2279 0.0648 549.189
-1.9948 0.2331 547.195
-1.826 0.1688 545.369
-1.8449 -0.0189 543.524
-1.7873 0.0576 541.736
-1.6657 0.1216 540.071
-1.4697 0.196 538.601
-1.217 0.2527 537.384
-1.0479 0.1691 536.336
-0.819 0.2289 535.517
-0.737 0.082 534.78
-0.6677 0.0693 534.112
-0.6069 0.0608 533.505
-0.5433 0.0636 532.962
-0.475 0.0683 532.487
-0.4926 -0.0176 531.995
-0.59 -0.0974 531.405
-0.6737 -0.0837 530.731
-0.7208 -0.0471 530.01
-0.7175 0.0033 529.293
-0.6461 0.0714 528.646
-0.5939 0.0522 528.053
-0.5496 0.0443 527.503
-0.4544 0.0952 527.049
-0.3511 0.1033 526.697
-0.2594 0.0917 526.438
-0.122 0.1374 526.316
0.0071 0.1291 526.323
0.1107 0.1036 526.434
0.1652 0.0545 526.599
0.1874 0.0222 526.786
0.1844 -0.003 526.971
0.1512 -0.0332 527.122
0.0982 -0.053 527.22
0.0274 -0.0708 527.248
-0.0265 -0.0539 527.221
-0.0595 -0.033 527.162
-0.0838 -0.0243 527.078
-0.0882 -0.0044 526.99
-0.0762 0.012 526.913
-0.0466 0.0296 526.867
-0.0048 0.0418 526.862
0.0439 0.0487 526.906
0.2393 0.1954 527.145
0.3643 0.125 527.51
0.4556 0.0913 527.965
0.4984 0.0428 528.464
0.4955 -0.0029 528.959
0.4513 -0.0442 529.41
0.3753 -0.076 529.786
0.2798 -0.0955 530.065
0.1782 -0.1016 530.244
0.0835 -0.0947 530.327
0.0062 -0.0773 530.333
-0.0465 -0.0527 530.287
-0.071 -0.0245 530.216
-0.0674 0.0036 530.148
-0.0391 0.0283 530.109
0.008 0.0471 530.117
0.0663 0.0583 530.184
0.2002 0.1339 530.384
0.4594 0.2592 530.843
0.7321 0.2727 531.575
0.9448 0.2127 532.52
1.0655 0.1207 533.586
1.0839 0.0184 534.67
1.0062 -0.0777 535.676
0.8499 -0.1563 536.526
0.6906 -0.1593 537.216
0.7344 0.0438 537.951
0.8093 0.0749 538.76
0.8686 0.0593 539.629
0.8882 0.0196 540.517
0.8617 -0.0265 541.378
0.7913 -0.0704 542.17
0.6848 -0.1065 542.855
0.5542 -0.1306 543.409
0.414 -0.1402 543.823
0.279 -0.135 544.102
0.3558 0.0768 544.458
0.9346 0.5788 545.392
1.5806 0.646 546.973
2.1668 0.5862 549.14
2.6269 0.4601 551.766
2.9095 0.2826 554.676
2.9766 0.0671 557.653
2.831 -0.1456 560.484
2.5125 -0.3185 562.996
2.0823 -0.4302 565.078
1.5811 -0.5012 566.659
1.0675 -0.5136 567.727
0.5916 -0.4759 568.319
0.1933 -0.3983 568.512
0.0755 -0.1178 568.587
0.5523 0.4768 569.14
1.189 0.6367 570.329
1.8414 0.6524 572.17
2.4343 0.5929 574.604
2.9164 0.4821 577.521
3.247 0.3306 580.768
3.3797 0.1327 584.147
3.3048 -0.0749 587.452
3.0507 -0.2541 590.503
2.6621 -0.3886 593.165
2.1904 -0.4717 595.355
1.6859 -0.5045 597.041
1.1946 -0.4913 598.236
0.7512 -0.4434 598.987
0.3983 -0.3529 599.385
0.3154 -0.0829 599.701
0.4264 0.111 600.127
0.5965 0.1701 600.724
0.7745 0.178 601.498
0.9233 0.1488 602.422
1.0226 0.0993 603.444
1.0637 0.0411 604.508
1.0457 -0.018 605.554
0.9754 -0.0703 606.529
1.0287 0.0533 607.558
1.1851 0.1564 608.743
1.3093 0.1242 610.052
1.37 0.0607 611.422
1.3559 -0.0141 612.778
1.2724 -0.0835 614.05
1.1319 -0.1405 615.182
0.9525 -0.1794 616.135
0.7536 -0.1989 616.888
0.5544 -0.1992 617.443
0.3708 -0.1836 617.814
0.2153 -0.1555 618.029
0.0957 -0.1196 618.125
0.0171 -0.0786 618.142
0.1232 0.1061 618.265
0.4325 0.3093 618.697
0.761 0.3285 619.458
1.042 0.281 620.5
1.2353 0.1933 621.736
1.3273 0.092 623.063
1.3191 -0.0082 624.382
1.2227 -0.0964 625.605
1.0578 -0.1649 626.663
0.8498 -0.208 627.512
0.6247 -0.2251 628.137
0.4485 -0.1762 628.586
0.2153 -0.2332 628.801
0.0858 -0.1295 628.887
-0.0504 -0.1362 628.836
-0.0668 -0.0164 628.769
0.1016 0.1684 628.871
0.4725 0.3709 629.344
0.7201 0.2476 630.064
0.9724 0.2523 631.036
1.1419 0.1695 632.178
1.2221 0.0802 633.4
1.21 -0.0121 634.61
1.117 -0.093 635.727
0.9614 -0.1556 636.688
0.8077 -0.1537 637.496
0.5607 -0.247 638.057
0.355 -0.2057 638.412
0.1744 -0.1806 638.586
0.0592 -0.1152 638.645
0.0342 -0.025 638.68
0.1765 0.1423 638.856
0.3127 0.1362 639.169
0.5071 0.1944 639.676
0.6383 0.1312 640.314
0.7222 0.0839 641.036
0.7492 0.027 641.786
0.7287 -0.0205 642.514
0.7428 0.0141 643.257
0.7951 0.0523 644.052
0.8317 0.0366 644.884
0.8305 -0.0012 645.714
0.7892 -0.0413 646.504
0.7126 -0.0766 647.216
0.6098 -0.1028 647.826
0.5247 -0.0851 648.351
0.4911 -0.0336 648.842
0.4714 -0.0197 649.313
0.4466 -0.0248 649.76
0.4176 -0.029 650.177
0.3843 -0.0333 650.562
0.3705 -0.0138 650.932
0.4488 0.0783 651.381
0.5369 0.0881 651.918
0.6077 0.0708 652.526
0.6469 0.0392 653.173
0.6499 0.003 653.822
0.6179 -0.032 654.44
0.5557 -0.0622 654.996
0.4714 -0.0843 655.467
0.3749 -0.0965 655.842
0.2766 -0.0983 656.119
0.2391 -0.0375 656.358
0.268 0.0289 656.626
0.3101 0.0421 656.936
0.3529 0.0428 657.289
0.3863 0.0334 657.675
0.4051 0.0188 658.08
0.4266 0.0215 658.507
0.5047 0.0781 659.012
0.5829 0.0782 659.595
0.6335 0.0506 660.228
0.6471 0.0136 660.875
0.623 -0.0241 661.498
0.5653 -0.0577 662.064
0.4821 -0.0832 662.546
0.3837 -0.0984 662.929
0.2813 -0.1024 663.211
0.1853 -0.096 663.396
0.1058 -0.0795 663.502
0.0993 -0.0065 663.601
0.1509 0.0516 663.752
0.2195 0.0686 663.971
0.29 0.0705 664.261
0.3499 0.0599 664.611
0.3915 0.0416 665.003
0.4307 0.0392 665.434
0.4876 0.0569 665.921
0.5472 0.0596 666.468
0.578 0.0308 667.046
0.5751 -0.0029 667.621
0.539 -0.0361 668.16
0.4752 -0.0638 668.636
0.3923 -0.0829 669.028
0.3002 -0.0921 669.328
0.2093 -0.0909 669.537
0.1286 -0.0807 669.666
0.0651 -0.0635 669.731
0.0231 -0.042 669.754
0.0041 -0.019 669.758
0.0071 0.003 669.765
-0.0627 -0.0698 669.703
0.1648 0.2275 669.868
0.3066 0.1418 670.174
0.4322 0.1256 670.606
0.5143 0.0821 671.121
0.5521 0.0378 671.673
0.5446 -0.0075 672.217
0.4968 -0.0478 672.714
0.4518 -0.045 673.166
0.4233 -0.0285 673.589
0.3839 -0.0394 673.973
0.3357 -0.0482 674.309
0.282 -0.0537 674.591
0.2278 -0.0542 674.819
0.178 -0.0498 674.997
0.1366 -0.0414 675.133
0.1063 -0.0303 675.24
0.0886 -0.0177 675.328
0.0832 -0.0054 675.411
0.0895 0.0063 675.501
0.1345 0.045 675.635
0.2091 0.0746 675.844
0.2815 0.0724 676.126
0.3402 0.0587 676.466
0.3774 0.0372 676.844
0.3897 0.0123 677.233
0.3773 -0.0124 677.611
0.3431 -0.0342 677.954
0.2925 -0.0506 678.246
0.2324 -0.0601 678.479
0.1745 -0.0579 678.653
0.2078 0.0333 678.861
0.2897 0.0819 679.151
0.373 0.0833 679.524
0.4405 0.0675 679.964
0.4814 0.0409 680.445
0.4914 0.01 680.937
0.4645 -0.0269 681.401
0.3767 -0.0878 681.778
0.2684 -0.1083 682.046
0.156 -0.1124 682.202
0.0548 -0.1012 682.257
-0.0243 -0.0791 682.233
-0.0743 -0.05 682.159
-0.0916 -0.0173 682.067
-0.0864 0.0052 681.981
-0.0808 0.0056 681.9
0.0742 0.155 681.974
0.2271 0.1529 682.201
0.3697 0.1426 682.571
0.4776 0.1079 683.048
0.5407 0.0631 683.589
0.5549 0.0142 684.144
0.5227 -0.0322 684.667
0.4516 -0.0711 685.118
0.3537 -0.0979 685.472
0.2432 -0.1105 685.715
0.1346 -0.1086 685.85
0.0405 -0.0941 685.89
-0.0294 -0.0699 685.861
-0.0695 -0.0401 685.791
-0.0477 0.0218 685.744
0.0444 0.0921 685.788
0.1589 0.1145 685.947
0.273 0.1141 686.22
0.369 0.096 686.589
0.435 0.066 687.024
0.4651 0.0301 687.489
0.4582 -0.0069 687.947
0.4178 -0.0404 688.365
