0.134668 1.12234 0.0100153 
0.7598 0.7598 0.7598
0.7598 0 1.5196
0.7598 0 2.2794
0.7598 0 3.0392
0.7597 -0.0001 3.7989
0.7594 -0.0003 4.5583
0.759 -0.0004 5.3173
0.758 -0.001 6.0753
0.7573 -0.0007 6.8326
0.7562 -0.0011 7.5888
0.7549 -0.0013 8.3437
0.7528 -0.0021 9.0965
0.7507 -0.0021 9.8472
0.7468 -0.0039 10.594
0.7445 -0.0023 11.3385
0.7409 -0.0036 12.0794
0.7353 -0.0056 12.8147
0.7298 -0.0055 13.5445
0.7236 -0.0062 14.2681
0.7143 -0.0093 14.9824
0.703 -0.0113 15.6854
0.6924 -0.0106 16.3778
0.6771 -0.0153 17.0549
0.663 -0.0141 17.7179
0.6471 -0.0159 18.365
0.6246 -0.0225 18.9896
0.6042 -0.0204 19.5938
0.5758 -0.0284 20.1696
0.5435 -0.0323 20.7131
0.5074 -0.0361 21.2205
0.4673 -0.0401 21.6878
0.432 -0.0353 22.1198
0.3738 -0.0582 22.4936
0.3338 -0.04 22.8274
0.2959 -0.0379 23.1233
0.2393 -0.0566 23.3626
0.1898 -0.0495 23.5524
0.1316 -0.0582 23.684
0.0727 -0.0589 23.7567
0.0226 -0.0501 23.7793
-0.0585 -0.0811 23.7208
-0.1172 -0.0587 23.6036
-0.1938 -0.0766 23.4098
-0.2587 -0.0649 23.1511
-0.361 -0.1023 22.7901
-0.4515 -0.0905 22.3386
-0.5439 -0.0924 21.7947
-0.6384 -0.0945 21.1563
-0.7349 -0.0965 20.4214
-0.8324 -0.0975 19.589
-0.9298 -0.0974 18.6592
-1.0252 -0.0954 17.634
-1.0811 -0.0559 16.5529
-1.1537 -0.0726 15.3992
-1.2439 -0.0902 14.1553
-1.33 -0.0861 12.8253
-1.3936 -0.0636 11.4317
-1.4785 -0.0849 9.9532
-1.5167 -0.0382 8.4365
-1.5502 -0.0335 6.8863
-1.5899 -0.0397 5.2964
-1.6309 -0.041 3.6655
-1.6545 -0.0236 2.011
-1.6716 -0.0171 0.3394
-1.6719 -0.0003 -1.3325
-1.6632 0.0087 -2.9957
-1.644 0.0192 -4.6397
-1.5944 0.0496 -6.2341
-1.5601 0.0343 -7.7942
-1.5051 0.055 -9.2993
-1.4195 0.0856 -10.7188
-1.3373 0.0822 -12.0561
-1.2446 0.0927 -13.3007
-1.1413 0.1033 -14.442
-1.0274 0.1139 -15.4694
-0.9032 0.1242 -16.3726
-0.6991 0.2041 -17.0717
-0.5133 0.1858 -17.585
-0.3574 0.1559 -17.9424
-0.1921 0.1653 -18.1345
-0.0144 0.1777 -18.1489
0.1745 0.1889 -17.9744
0.3676 0.1931 -17.6068
0.6547 0.2871 -16.9521
0.8887 0.234 -16.0634
1.0628 0.1741 -15.0006
1.2616 0.1988 -13.739
1.4447 0.1831 -12.2943
1.6074 0.1627 -10.6869
1.7448 0.1374 -8.9421
1.855 0.1102 -7.0871
1.9366 0.0816 -5.1505
1.9884 0.0518 -3.1621
2.01 0.0216 -1.1521
2.001 -0.009 0.8489
1.9619 -0.0391 2.8108
1.8936 -0.0683 4.7044
1.819 -0.0746 6.5234
1.7028 -0.1162 8.2262
1.561 -0.1418 9.7872
1.3968 -0.1642 11.184
1.1757 -0.2211 12.3597
1.0161 -0.1596 13.3758
0.7712 -0.2449 14.147
0.5587 -0.2125 14.7057
0.388 -0.1707 15.0937
0.1831 -0.2049 15.2768
-0.0391 -0.2222 15.2377
-0.1998 -0.1607 15.0379
-0.3457 -0.1459 14.6922
-0.4803 -0.1346 14.2119
-0.581 -0.1007 13.6309
-0.718 -0.137 12.9129
-0.8203 -0.1023 12.0926
-0.9062 -0.0859 11.1864
-0.9611 -0.0549 10.2253
-1.0133 -0.0522 9.212
-1.048 -0.0347 8.164
-1.0646 -0.0166 7.0994
-1.0641 0.0005 6.0353
-1.0419 0.0222 4.9934
-1.0051 0.0368 3.9883
-0.9536 0.0515 3.0347
-0.8891 0.0645 2.1456
-0.8293 0.0598 1.3163
-0.7286 0.1007 0.5877
-0.6296 0.099 -0.0419
-0.5 0.1296 -0.5419
-0.3796 0.1204 -0.9215
-0.2318 0.1478 -1.1533
-0.1188 0.113 -1.2721
-0.0142 0.1046 -1.2863
0.1045 0.1187 -1.1818
0.21 0.1055 -0.9718
0.298 0.088 -0.6738
0.3657 0.0677 -0.3081
0.42 0.0543 0.1119
0.4432 0.0232 0.5551
0.4479 0.0047 1.003
0.435 -0.0129 1.438
0.409 -0.026 1.847
0.372 -0.037 2.219
0.3362 -0.0358 2.5552
0.2759 -0.0603 2.8311
0.2093 -0.0666 3.0404
0.1661 -0.0432 3.2065
0.1369 -0.0292 3.3434
0.1386 0.0017 3.482
0.1431 0.0045 3.6251
0.1443 0.0012 3.7694
0.1379 -0.0064 3.9073
0.1245 -0.0134 4.0318
0.1087 -0.0158 4.1405
0.0779 -0.0308 4.2184
0.0464 -0.0315 4.2648
0.0119 -0.0345 4.2767
-0.0237 -0.0356 4.253
-0.0659 -0.0422 4.1871
-0.1052 -0.0393 4.0819
-0.1335 -0.0283 3.9484
-0.1558 -0.0223 3.7926
-0.1722 -0.0164 3.6204
-0.183 -0.0108 3.4374
-0.1826 0.0004 3.2548
-0.1557 0.0269 3.0991
-0.0604 0.0953 3.0387
0.0446 0.105 3.0833
0.1371 0.0925 3.2204
0.2068 0.0697 3.4272
0.2498 0.043 3.677
0.2647 0.0149 3.9417
0.2636 -0.0011 4.2053
0.2429 -0.0207 4.4482
0.204 -0.0389 4.6522
0.1505 -0.0535 4.8027
0.0873 -0.0632 4.89
0.0193 -0.068 4.9093
-0.0487 -0.068 4.8606
-0.1125 -0.0638 4.7481
-0.1661 -0.0536 4.582
-0.1838 -0.0177 4.3982
-0.1756 0.0082 4.2226
-0.1587 0.0169 4.0639
-0.1387 0.02 3.9252
-0.1191 0.0196 3.8061
-0.1022 0.0169 3.7039
-0.0896 0.0126 3.6143
-0.0817 0.0079 3.5326
-0.0788 0.0029 3.4538
-0.0805 -0.0017 3.3733
-0.0858 -0.0053 3.2875
-0.0937 -0.0079 3.1938
-0.1028 -0.0091 3.091
-0.0751 0.0277 3.0159
0.0241 0.0992 3.04
0.1173 0.0932 3.1573
0.1937 0.0764 3.351
0.2359 0.0422 3.5869
0.2628 0.0269 3.8497
0.2648 0.002 4.1145
0.2383 -0.0265 4.3528
0.203 -0.0353 4.5558
0.1312 -0.0718 4.687
0.0589 -0.0723 4.7459
-0.0018 -0.0607 4.7441
-0.0889 -0.0871 4.6552
-0.1554 -0.0665 4.4998
-0.2104 -0.055 4.2894
-0.25 -0.0396 4.0394
-0.274 -0.024 3.7654
-0.2826 -0.0086 3.4828
-0.2792 0.0034 3.2036
-0.2251 0.0541 2.9785
-0.0938 0.1313 2.8847
0.0791 0.1729 2.9638
0.206 0.1269 3.1698
0.3306 0.1246 3.5004
0.412 0.0814 3.9124
0.4474 0.0354 4.3598
0.4235 -0.0239 4.7833
0.3731 -0.0504 5.1564
0.2812 -0.0919 5.4376
0.1434 -0.1378 5.581
0.0807 -0.0627 5.6617
0.035 -0.0457 5.6967
0.0109 -0.0241 5.7076
-0.0225 -0.0334 5.6851
-0.0447 -0.0222 5.6404
-0.0724 -0.0277 5.568
-0.1006 -0.0282 5.4674
-0.1289 -0.0283 5.3385
-0.1562 -0.0273 5.1823
-0.177 -0.0208 5.0053
-0.0807 0.0963 4.9246
0.1044 0.1851 5.029
0.2203 0.1159 5.2493
0.3264 0.1061 5.5757
0.3824 0.056 5.9581
0.3878 0.0054 6.3459
0.3437 -0.0441 6.6896
0.2576 -0.0861 6.9472
0.1404 -0.1172 7.0876
0.0056 -0.1348 7.0932
-0.1331 -0.1387 6.9601
-0.2628 -0.1297 6.6973
-0.3732 -0.1104 6.3241
-0.4566 -0.0834 5.8675
-0.5089 -0.0523 5.3586
-0.5289 -0.02 4.8297
-0.5179 0.011 4.3118
-0.4271 0.0908 3.8847
-0.2104 0.2167 3.6743
0.0112 0.2216 3.6855
0.2055 0.1943 3.891
0.3469 0.1414 4.2379
0.4252 0.0783 4.6631
0.4383 0.0131 5.1014
0.4109 -0.0274 5.5123
0.4848 0.0739 5.9971
0.572 0.0872 6.5691
0.614 0.042 7.1831
0.5972 -0.0168 7.7803
0.5215 -0.0757 8.3018
0.3954 -0.1261 8.6972
0.2327 -0.1627 8.9299
0.0499 -0.1828 8.9798
-0.1354 -0.1853 8.8444
-0.2646 -0.1292 8.5798
-0.1621 0.1025 8.4177
-0.0198 0.1423 8.3979
0.1199 0.1397 8.5178
0.2231 0.1032 8.7409
0.2754 0.0523 9.0163
0.2713 -0.0041 9.2876
0.2682 -0.0031 9.5558
0.339 0.0708 9.8948
0.3733 0.0343 10.2681
0.3568 -0.0165 10.6249
0.2848 -0.072 10.9097
0.1921 -0.0927 11.1018
0.012 -0.1801 11.1138
-0.1275 -0.1395 10.9863
-0.3024 -0.1749 10.6839
-0.4669 -0.1645 10.217
-0.61 -0.1431 9.607
-0.5866 0.0234 9.0204
-0.2861 0.3005 8.7343
0.0375 0.3236 8.7718
0.328 0.2905 9.0998
0.5347 0.2067 9.6345
0.6367 0.102 10.2712
0.6299 -0.0068 10.9011
0.5234 -0.1065 11.4245
0.4341 -0.0893 11.8586
0.3493 -0.0848 12.2079
0.2252 -0.1241 12.4331
0.0674 -0.1578 12.5005
-0.1127 -0.1801 12.3878
-0.2992 -0.1865 12.0886
-0.3087 -0.0095 11.7799
-0.1445 0.1642 11.6354
0.0297 0.1742 11.6651
0.1718 0.1421 11.8369
0.2518 0.08 12.0887
0.2646 0.0128 12.3533
0.2187 -0.0459 12.572
0.1379 -0.0808 12.7099
-0.0389 -0.1768 12.671
-0.2238 -0.1849 12.4472
-0.4182 -0.1944 12.029
-0.4715 -0.0533 11.5575
-0.3316 0.1399 11.2259
-0.2036 0.128 11.0223
-0.0383 0.1653 10.984
0.0379 0.0762 11.0219
0.0806 0.0427 11.1025
0.0721 -0.0085 11.1746
-0.0024 -0.0745 11.1722
-0.1137 -0.1113 11.0585
-0.2455 -0.1318 10.813
-0.2794 -0.0339 10.5336
-0.3018 -0.0224 10.2318
-0.3225 -0.0207 9.9093
-0.3422 -0.0197 9.5671
-0.3708 -0.0286 9.1963
-0.4021 -0.0313 8.7942
-0.3161 0.086 8.4781
-0.116 0.2001 8.3621
0.0382 0.1542 8.4003
0.1463 0.1081 8.5466
0.192 0.0457 8.7386
0.1756 -0.0164 8.9142
0.1031 -0.0725 9.0173
-0.0136 -0.1167 9.0037
-0.1582 -0.1446 8.8455
-0.3127 -0.1545 8.5328
-0.4595 -0.1468 8.0733
-0.5835 -0.124 7.4898
-0.6454 -0.0619 6.8444
-0.5619 0.0835 6.2825
-0.4308 0.1311 5.8517
-0.2843 0.1465 5.5674
-0.1479 0.1364 5.4195
-0.038 0.1099 5.3815
0.0351 0.0731 5.4166
0.0672 0.0321 5.4838
0.0635 -0.0037 5.5473
0.087 0.0235 5.6343
0.0579 -0.0291 5.6922
0.0929 0.035 5.7851
0.1054 0.0125 5.8905
0.0953 -0.0101 5.9858
0.0675 -0.0278 6.0533
0.0005 -0.067 6.0538
-0.0733 -0.0738 5.9805
-0.1539 -0.0806 5.8266
-0.2169 -0.063 5.6097
-0.2997 -0.0828 5.31
-0.3539 -0.0542 4.9561
-0.3835 -0.0296 4.5726
-0.4006 -0.0171 4.172
-0.3996 0.001 3.7724
-0.3607 0.0389 3.4117
-0.2174 0.1433 3.1943
-0.0631 0.1543 3.1312
0.0785 0.1416 3.2097
0.187 0.1085 3.3967
0.2523 0.0653 3.649
0.2708 0.0185 3.9198
0.261 -0.0098 4.1808
0.2153 -0.0457 4.3961
0.1397 -0.0756 4.5358
0.044 -0.0957 4.5798
-0.06 -0.104 4.5198
-0.1604 -0.1004 4.3594
-0.2467 -0.0863 4.1127
-0.3111 -0.0644 3.8016
-0.3488 -0.0377 3.4528
-0.3582 -0.0094 3.0946
-0.3406 0.0176 2.754
-0.3002 0.0404 2.4538
-0.2555 0.0447 2.1983
-0.1911 0.0644 2.0072
-0.1386 0.0525 1.8686
0.6187 0.7573 2.4873
0.3444 -0.2743 2.8317
0.4005 0.0561 3.2322
0.5378 0.1373 3.77
0.6733 0.1355 4.4433
0.7597 0.0864 5.203
0.7789 0.0192 5.9819
0.7092 -0.0697 6.6911
0.5472 -0.162 7.2383
0.3585 -0.1887 7.5968
0.1908 -0.1677 7.7876
-0.0588 -0.2496 7.7288
-0.2533 -0.1945 7.4755
-0.4133 -0.16 7.0622
-0.5249 -0.1116 6.5373
-0.5859 -0.061 5.9514
-0.5989 -0.013 5.3525
-0.576 0.0229 4.7765
-0.518 0.058 4.2585
-0.4351 0.0829 3.8234
-0.3387 0.0964 3.4847
-0.2596 0.0791 3.2251
-0.1511 0.1085 3.074
-0.0754 0.0757 2.9986
-0.0296 0.0458 2.969
0.0055 0.0351 2.9745
0.0186 0.0131 2.9931
0.0118 -0.0068 3.0049
-0.0119 -0.0237 2.993
-0.0473 -0.0354 2.9457
-0.0968 -0.0495 2.8489
-0.1377 -0.0409 2.7112
-0.1655 -0.0278 2.5457
-0.1939 -0.0284 2.3518
-0.2044 -0.0105 2.1474
-0.198 0.0064 1.9494
-0.178 0.02 1.7714
-0.1472 0.0308 1.6242
-0.1093 0.0379 1.5149
-0.0683 0.041 1.4466
-0.0361 0.0322 1.4105
0.0003 0.0364 1.4108
0.0251 0.0248 1.4359
0.0528 0.0277 1.4887
0.0661 0.0133 1.5548
0.0699 0.0038 1.6247
0.0644 -0.0055 1.6891
0.0516 -0.0128 1.7407
0.0337 -0.0179 1.7744
0.0133 -0.0204 1.7877
-0.0108 -0.0241 1.7769
-0.0281 -0.0173 1.7488
-0.0405 -0.0124 1.7083
-0.046 -0.0055 1.6623
-0.047 -0.001 1.6153
-0.04 0.007 1.5753
-0.0315 0.0085 1.5438
-0.0211 0.0104 1.5227
-0.037 -0.0159 1.4857
0.2357 0.2727 1.7214
0.52 0.2843 2.2414
0.4146 -0.1054 2.656
-0.0489 -0.4635 2.6071
-0.1654 -0.1165 2.4417
-0.2538 -0.0884 2.1879
-0.2815 -0.0277 1.9064
-0.3023 -0.0208 1.6041
-0.287 0.0153 1.3171
-0.2656 0.0214 1.0515
-0.2143 0.0513 0.8372
-0.1621 0.0522 0.6751
-0.1043 0.0578 0.5708
-0.0149 0.0894 0.5559
0.057 0.0719 0.6129
0.1187 0.0617 0.7316
0.1702 0.0515 0.9018
0.1942 0.024 1.096
0.2057 0.0115 1.3017
0.1898 -0.0159 1.4915
0.1593 -0.0305 1.6508
0.15 -0.0093 1.8008
0.226 0.076 2.0268
0.3078 0.0818 2.3346
0.3819 0.0741 2.7165
0.4092 0.0273 3.1257
0.3987 -0.0105 3.5244
0.3637 -0.035 3.8881
0.2935 -0.0702 4.1816
0.1793 -0.1142 4.3609
0.0465 -0.1328 4.4074
-0.0614 -0.1079 4.346
-0.0483 0.0131 4.2977
0.0646 0.1129 4.3623
0.1952 0.1306 4.5575
0.2717 0.0765 4.8292
0.3397 0.068 5.1689
0.3484 0.0087 5.5173
0.3123 -0.0361 5.8296
0.235 -0.0773 6.0646
0.1018 -0.1332 6.1664
-0.0295 -0.1313 6.1369
-0.1485 -0.119 5.9884
-0.0699 0.0786 5.9185
0.0335 0.1034 5.952
0.1368 0.1033 6.0888
0.2005 0.0637 6.2893
0.2467 0.0462 6.536
0.4378 0.1911 6.9738
0.7371 0.2993 7.7109
1.0069 0.2698 8.7178
1.1108 0.1039 9.8286
1.0747 -0.0361 10.9033
0.9506 -0.1241 11.8539
0.7053 -0.2453 12.5592
0.4762 -0.2291 13.0354
0.4857 0.0095 13.5211
0.4878 0.0021 14.0089
0.4562 -0.0316 14.4651
0.3695 -0.0867 14.8346
0.3983 0.0288 15.2329
0.6915 0.2932 15.9244
1.0116 0.3201 16.936
1.2273 0.2157 18.1633
1.2884 0.0611 19.4517
1.2147 -0.0737 20.6664
0.8609 -0.3538 21.5273
0.6344 -0.2265 22.1617
0.5305 -0.1039 22.6922
0.3728 -0.1577 23.065
0.1903 -0.1825 23.2553
-0.0368 -0.2271 23.2185
-0.2376 -0.2008 22.9809
-0.1918 0.0458 22.7891
-0.1467 0.0451 22.6424
-0.1386 0.0081 22.5038
-0.2045 -0.0659 22.2993
-0.3559 -0.1514 21.9434
-0.5145 -0.1586 21.4289
-0.4267 0.0878 21.0022
-0.326 0.1007 20.6762
-0.2604 0.0656 20.4158
-0.2584 0.002 20.1574
-0.323 -0.0646 19.8344
-0.4181 -0.0951 19.4163
-0.612 -0.1939 18.8043
-0.742 -0.13 18.0623
-0.8241 -0.0821 17.2382
-0.9549 -0.1308 16.2833
-1.0787 -0.1238 15.2046
-1.2016 -0.1229 14.003
-1.2579 -0.0563 12.7451
-1.2902 -0.0323 11.4549
-1.2854 0.0048 10.1695
-1.1605 0.1249 9.009
-0.9477 0.2128 8.0613
-0.6111 0.3366 7.4502
-0.3465 0.2646 7.1037
-0.1736 0.1729 6.9301
-0.0246 0.149 6.9055
0.0536 0.0782 6.9591
0.0636 0.01 7.0227
0.0111 -0.0525 7.0338
-0.0894 -0.1005 6.9444
-0.2194 -0.13 6.725
-0.3585 -0.1391 6.3665
-0.4876 -0.1291 5.8789
-0.5911 -0.1035 5.2878
-0.6579 -0.0668 4.6299
-0.6824 -0.0245 3.9475
-0.6709 0.0115 3.2766
-0.6076 0.0633 2.669
-0.519 0.0886 2.15
-0.4094 0.1096 1.7406
-0.2908 0.1186 1.4498
-0.1972 0.0936 1.2526
-0.0917 0.1055 1.1609
-0.0403 0.0514 1.1206
0.0843 0.1246 1.2049
0.1454 0.0611 1.3503
0.1777 0.0323 1.528
0.1779 0.0002 1.7059
0.152 -0.0259 1.8579
0.1063 -0.0457 1.9642
0.0488 -0.0575 2.013
0 -0.0488 2.013
-0.0574 -0.0574 1.9556
-0.0973 -0.0399 1.8583
-0.1412 -0.0439 1.7171
-0.1604 -0.0192 1.5567
-0.1618 -0.0014 1.3949
-0.1455 0.0163 1.2494
-0.1149 0.0306 1.1345
-0.0742 0.0407 1.0603
-0.1429 -0.0687 0.9174
-0.168 -0.0251 0.7494
-0.3337 -0.1657 0.4157
-0.4804 -0.1467 -0.0647
-0.5699 -0.0895 -0.6346
-0.6265 -0.0566 -1.2611
-0.6268 -0.0003 -1.8879
-0.7513 -0.1245 -2.6392
-0.9611 -0.2098 -3.6003
-1.0811 -0.12 -4.6814
-1.14 -0.0589 -5.8214
-1.1075 0.0325 -6.9289
-0.972 0.1355 -7.9009
-0.6916 0.2804 -8.5925
-0.4507 0.2409 -9.0432
-0.4202 0.0305 -9.4634
-0.5714 -0.1512 -10.0348
-0.7407 -0.1693 -10.7755
-0.8442 -0.1035 -11.6197
-0.8472 -0.003 -12.4669
-1.1024 -0.2552 -13.5693
-1.3806 -0.2782 -14.9499
-1.5269 -0.1463 -16.4768
-1.4955 0.0314 -17.9723
-1.2859 0.2096 -19.2582
-1.0182 0.2677 -20.2764
-0.9909 0.0273 -21.2673
-0.9186 0.0723 -22.1859
-0.7625 0.1561 -22.9484
-0.5104 0.2521 -23.4588
-0.1787 0.3317 -23.6375
0.2868 0.4655 -23.3507
0.6126 0.3258 -22.7381
0.7617 0.1491 -21.9764
0.9531 0.1914 -21.0233
1.0502 0.0971 -19.9731
1.1187 0.0685 -18.8544
1.1513 0.0326 -17.7031
0.9983 -0.153 -16.7048
0.7973 -0.201 -15.9075
0.651 -0.1463 -15.2565
0.5613 -0.0897 -14.6952
0.5413 -0.02 -14.1539
0.55 0.0087 -13.6039
0.555 0.005 -13.0489
0.6098 0.0548 -12.4391
0.6934 0.0836 -11.7457
0.7772 0.0838 -10.9685
0.91 0.1328 -10.0585
1.0156 0.1056 -9.0429
1.1126 0.097 -7.9303
1.1561 0.0435 -6.7742
1.1622 0.0061 -5.612
1.134 -0.0282 -4.478
1.0701 -0.0639 -3.4079
0.9706 -0.0995 -2.4373
0.8423 -0.1283 -1.595
0.7027 -0.1396 -0.8923
0.5642 -0.1385 -0.3281
0.4617 -0.1025 0.1336
0.3318 -0.1299 0.4654
0.2324 -0.0994 0.6978
0.1779 -0.0545 0.8757
0.1526 -0.0253 1.0283
0.1538 0.0012 1.1821
0.1843 0.0305 1.3664
0.247 0.0627 1.6134
0.3809 0.1339 1.9943
0.4807 0.0998 2.475
0.5367 0.056 3.0117
0.5652 0.0285 3.5769
0.5376 -0.0276 4.1145
0.4834 -0.0542 4.5979
0.3593 -0.1241 4.9572
0.2259 -0.1334 5.1831
0.1109 -0.115 5.294
-0.0549 -0.1658 5.2391
-0.1796 -0.1247 5.0595
-0.2781 -0.0985 4.7814
-0.3416 -0.0635 4.4398
-0.3698 -0.0282 4.07
-0.3642 0.0056 3.7058
-0.3297 0.0345 3.3761
-0.2774 0.0523 3.0987
-0.0292 0.2482 3.0695
0.2823 0.3115 3.3518
0.5605 0.2782 3.9123
0.7588 0.1983 4.6711
0.8528 0.094 5.5239
0.8496 -0.0032 6.3735
0.7279 -0.1217 7.1014
0.5098 -0.2181 7.6112
0.4879 -0.0219 8.0991
0.5188 0.0309 8.6179
0.5305 0.0117 9.1484
0.5005 -0.03 9.6489
0.4229 -0.0776 10.0718
0.3017 -0.1212 10.3735
0.1467 -0.155 10.5202
-0.0284 -0.1751 10.4918
-0.2078 -0.1794 10.284
-0.3437 -0.1359 9.9403
-0.4576 -0.1139 9.4827
-0.1214 0.3362 9.3613
0.6473 0.7687 10.0086
1.1488 0.5015 11.1574
1.596 0.4472 12.7534
2.0348 0.4388 14.7882
2.2926 0.2578 17.0808
2.3432 0.0506 19.424
2.2526 -0.0906 21.6766
1.8911 -0.3615 23.5677
1.4379 -0.4532 25.0056
0.8788 -0.5591 25.8844
0.2743 -0.6045 26.1587
-0.3257 -0.6 25.833
-0.8745 -0.5488 24.9585
-1.1192 -0.2447 23.8393
-0.7642 0.355 23.0751
-0.292 0.4722 22.7831
0.2022 0.4942 22.9853
0.6444 0.4422 23.6297
0.9782 0.3338 24.6079
1.1544 0.1762 25.7623
1.1529 -0.0015 26.9152
0.9313 -0.2216 27.8465
0.5918 -0.3395 28.4383
0.1612 -0.4306 28.5995
-0.3124 -0.4736 28.2871
-0.7861 -0.4737 27.501
-1.2239 -0.4378 26.2771
-1.5269 -0.303 24.7502
-1.6487 -0.1218 23.1015
-1.5452 0.1035 21.5563
-1.3766 0.1686 20.1797
-1.1864 0.1902 18.9933
-1.0114 0.175 17.9819
-0.8712 0.1402 17.1107
-0.7756 0.0956 16.3351
-0.7333 0.0423 15.6018
-0.6792 0.0541 14.9226
-0.4366 0.2426 14.486
-0.1921 0.2445 14.2939
-0.0078 0.1843 14.2861
0.0896 0.0974 14.3757
0.0977 0.0081 14.4734
0.0255 -0.0722 14.4989
-0.079 -0.1045 14.4199
-0.2848 -0.2058 14.1351
-0.4429 -0.1581 13.6922
-0.6371 -0.1942 13.0551
-0.8483 -0.2112 12.2068
-0.9669 -0.1186 11.2399
-1.0862 -0.1193 10.1537
-1.0251 0.0611 9.1286
-0.705 0.3201 8.4236
-0.3391 0.3659 8.0845
0.0025 0.3416 8.087
0.2711 0.2686 8.3581
0.4182 0.1471 8.7763
0.5121 0.0939 9.2884
0.5208 0.0087 9.8092
0.4372 -0.0836 10.2464
0.3257 -0.1115 10.5721
0.1463 -0.1794 10.7184
-0.0607 -0.207 10.6577
-0.2746 -0.2139 10.3831
-0.436 -0.1614 9.9471
-0.6103 -0.1743 9.3368
-0.7468 -0.1365 8.59
-0.7018 0.045 7.8882
-0.5097 0.1921 7.3785
-0.1892 0.3205 7.1893
0.0648 0.254 7.2541
0.2276 0.1628 7.4817
0.3786 0.151 7.8603
0.4185 0.0399 8.2788
0.3876 -0.0309 8.6664
0.2871 -0.1005 8.9535
0.1379 -0.1492 9.0914
-0.0401 -0.178 9.0513
-0.226 -0.1859 8.8253
-0.3676 -0.1416 8.4577
-0.5215 -0.1539 7.9362
-0.5929 -0.0714 7.3433
-0.4848 0.1081 6.8585
-0.3369 0.1479 6.5216
-0.1814 0.1555 6.3402
-0.0465 0.1349 6.2937
0.0534 0.0999 6.3471
0.1105 0.0571 6.4576
0.1232 0.0127 6.5808
0.1596 0.0364 6.7404
0.2607 0.1011 7.0011
0.3285 0.0678 7.3296
0.3504 0.0219 7.68
0.3398 -0.0106 8.0198
0.286 -0.0538 8.3058
0.1935 -0.0925 8.4993
0.0878 -0.1057 8.5871
0.0404 -0.0474 8.6275
-0.0105 -0.0509 8.617
-0.067 -0.0565 8.55
-0.1306 -0.0636 8.4194
-0.198 -0.0674 8.2214
-0.259 -0.061 7.9624
-0.2043 0.0547 7.7581
-0.1299 0.0744 7.6282
-0.0615 0.0684 7.5667
-0.0151 0.0464 7.5516
0.0029 0.018 7.5545
-0.0089 -0.0118 7.5456
-0.0484 -0.0395 7.4972
-0.11 -0.0616 7.3872
-0.1864 -0.0764 7.2008
-0.2688 -0.0824 6.932
-0.2956 -0.0268 6.6364
-0.259 0.0366 6.3774
-0.2127 0.0463 6.1647
-0.1679 0.0448 5.9968
-0.1333 0.0346 5.8635
-0.1132 0.0201 5.7503
0.1138 0.227 5.8641
0.0014 -0.1124 5.8655
0.0552 0.0538 5.9207
0.0813 0.0261 6.002
0.0911 0.0098 6.0931
0.073 -0.0181 6.1661
0.0304 -0.0426 6.1965
-0.032 -0.0624 6.1645
-0.1068 -0.0748 6.0577
-0.186 -0.0792 5.8717
-0.2614 -0.0754 5.6103
-0.3248 -0.0634 5.2855
-0.3088 0.016 4.9767
-0.2501 0.0587 4.7266
-0.1795 0.0706 4.5471
-0.1107 0.0688 4.4364
-0.0534 0.0573 4.383
-0.0136 0.0398 4.3694
0.1203 0.1339 4.4897
0.0995 -0.0208 4.5892
0.1503 0.0508 4.7395
0.1712 0.0209 4.9107
0.1664 -0.0048 5.0771
0.1323 -0.0341 5.2094
0.0875 -0.0448 5.2969
0.0162 -0.0713 5.3131
-0.0659 -0.0821 5.2472
-0.1502 -0.0843 5.097
-0.2279 -0.0777 4.8691
-0.2918 -0.0639 4.5773
-0.3369 -0.0451 4.2404
-0.3601 -0.0232 3.8803
-0.3611 -0.001 3.5192
-0.3243 0.0368 3.1949
-0.2038 0.1205 2.9911
-0.071 0.1328 2.9201
0.0297 0.1007 2.9498
0.1321 0.1024 3.0819
0.2032 0.0711 3.2851
0.2385 0.0353 3.5236
0.2355 -0.003 3.7591
0.2222 -0.0133 3.9813
0.2242 0.002 4.2055
0.206 -0.0182 4.4115
0.1665 -0.0395 4.578
0.108 -0.0585 4.686
0.0516 -0.0564 4.7376
-0.0241 -0.0757 4.7135
-0.1006 -0.0765 4.6129
-0.1712 -0.0706 4.4417
-0.2293 -0.0581 4.2124
-0.2638 -0.0345 3.9486
-0.2897 -0.0259 3.6589
-0.2931 -0.0034 3.3658
-0.2294 0.0637 3.1364
-0.1668 0.0626 2.9696
-0.071 0.0958 2.8986
0.001 0.072 2.8996
0.0557 0.0547 2.9553
0.0872 0.0315 3.0425
0.0948 0.0076 3.1373
0.0798 -0.015 3.2171
0.046 -0.0338 3.2631
-0.0012 -0.0472 3.2619
-0.0201 -0.0189 3.2418
0.0546 0.0747 3.2964
0.1313 0.0767 3.4277
0.1953 0.064 3.623
0.2333 0.038 3.8563
0.2407 0.0074 4.097
0.2173 -0.0234 4.3143
0.1382 -0.0791 4.4525
0.0246 -0.1136 4.4771
-0.0977 -0.1223 4.3794
-0.2125 -0.1148 4.1669
-0.3068 -0.0943 3.8601
-0.3718 -0.065 3.4883
-0.4029 -0.0311 3.0854
-0.3994 0.0035 2.686
-0.3737 0.0257 2.3123
-0.2745 0.0992 2.0378
-0.1474 0.1271 1.8904
0.0455 0.1929 1.9359
0.1898 0.1443 2.1257
0.2953 0.1055 2.421
0.35 0.0547 2.771
0.3535 0.0035 3.1245
0.3095 -0.044 3.434
0.227 -0.0825 3.661
0.1187 -0.1083 3.7797
-0.0009 -0.1196 3.7788
-0.117 -0.1161 3.6618
-0.2168 -0.0998 3.445
-0.2907 -0.0739 3.1543
-0.3194 -0.0287 2.8349
-0.266 0.0534 2.5689
-0.1687 0.0973 2.4002
-0.0563 0.1124 2.3439
0.0526 0.1089 2.3965
0.1433 0.0907 2.5398
0.2057 0.0624 2.7455
0.2343 0.0286 2.9798
0.2282 -0.0061 3.208
0.1903 -0.0379 3.3983
0.127 -0.0633 3.5253
0.0472 -0.0798 3.5725
-0.0389 -0.0861 3.5336
-0.1211 -0.0822 3.4125
-0.1905 -0.0694 3.222
-0.2143 -0.0238 3.0077
-0.1711 0.0432 2.8366
-0.1186 0.0525 2.718
-0.0461 0.0725 2.6719
0.024 0.0701 2.6959
0.083 0.059 2.7789
0.1232 0.0402 2.9021
0.1409 0.0177 3.043
0.1351 -0.0058 3.1781
0.1077 -0.0274 3.2858
0.063 -0.0447 3.3488
0.007 -0.056 3.3558
-0.0534 -0.0604 3.3024
-0.0977 -0.0443 3.2047
-0.0806 0.0171 3.1241
-0.0413 0.0393 3.0828
0.0031 0.0444 3.0859
0.0431 0.04 3.129
0.0866 0.0435 3.2156
0.0838 -0.0028 3.2994
0.0607 -0.0231 3.3601
0.0205 -0.0402 3.3806
-0.0299 -0.0504 3.3507
-0.0837 -0.0538 3.267
-0.1346 -0.0509 3.1324
-0.1764 -0.0418 2.956
-0.1733 0.0031 2.7827
-0.1169 0.0564 2.6658
-0.0463 0.0706 2.6195
0.0244 0.0707 2.6439
0.0838 0.0594 2.7277
0.1247 0.0409 2.8524
0.143 0.0183 2.9954
0.1377 -0.0053 3.1331
0.1175 -0.0202 3.2506
0.0668 -0.0507 3.3174
-0.0017 -0.0685 3.3157
-0.0516 -0.0499 3.2641
-0.1196 -0.068 3.1445
-0.1572 -0.0376 2.9873
-0.1933 -0.0361 2.794
-0.1664 0.0269 2.6276
-0.023 0.1434 2.6046
0.1136 0.1366 2.7182
0.2128 0.0992 2.931
0.3179 0.1051 3.2489
0.3627 0.0448 3.6116
0.3474 -0.0153 3.959
0.2844 -0.063 4.2434
0.1845 -0.0999 4.4279
0.062 -0.1225 4.4899
-0.0415 -0.1035 4.4484
-0.1859 -0.1444 4.2625
-0.2566 -0.0707 4.0059
-0.2844 -0.0278 3.7215
-0.2723 0.0121 3.4492
-0.223 0.0493 3.2262
-0.1749 0.0481 3.0513
-0.0958 0.0791 2.9555
-0.0441 0.0517 2.9114
0.0192 0.0633 2.9306
0.0537 0.0345 2.9843
0.0682 0.0145 3.0525
0.0644 -0.0038 3.1169
-0.0869 -0.1513 3.03
0.1 0.1869 3.13
0.2239 0.1239 3.3539
0.316 0.0921 3.6699
0.3612 0.0452 4.0311
0.3594 -0.0018 4.3905
0.3123 -0.0471 4.7028
0.2272 -0.0851 4.93
0.1151 -0.1121 5.0451
-0.0103 -0.1254 5.0348
-0.1345 -0.1242 4.9003
-0.2442 -0.1097 4.6561
-0.3289 -0.0847 4.3272
-0.3818 -0.0529 3.9454
-0.3991 -0.0173 3.5463
-0.3857 0.0134 3.1606
-0.3423 0.0434 2.8183
-0.2702 0.0721 2.5481
-0.0382 0.232 2.5099
0.2028 0.241 2.7127
0.3743 0.1715 3.087
0.5297 0.1554 3.6167
0.6119 0.0822 4.2286
0.6164 0.0045 4.845
0.5444 -0.072 5.3894
0.4087 -0.1357 5.7981
0.2296 -0.1791 6.0277
0.09 -0.1396 6.1177
-0.0142 -0.1042 6.1035
-0.1027 -0.0885 6.0008
-0.1737 -0.071 5.8271
-0.2255 -0.0518 5.6016
-0.2571 -0.0316 5.3445
-0.2693 -0.0122 5.0752
-0.2643 0.005 4.8109
-0.2504 0.0139 4.5605
-0.113 0.1374 4.4475
0.149 0.262 4.5965
0.3511 0.2021 4.9476
0.4718 0.1207 5.4194
0.5564 0.0846 5.9758
0.5486 -0.0078 6.5244
0.4711 -0.0775 6.9955
0.3295 -0.1416 7.325
0.1839 -0.1456 7.5089
-0.0565 -0.2404 7.4524
-0.2592 -0.2027 7.1932
-0.4357 -0.1765 6.7575
-0.5655 -0.1298 6.192
-0.6407 -0.0752 5.5513
-0.6587 -0.018 4.8926
-0.6215 0.0372 4.2711
-0.4469 0.1746 3.8242
-0.2236 0.2233 3.6006
-0.0007 0.2229 3.5999
0.2471 0.2478 3.847
0.4398 0.1927 4.2868
0.5557 0.1159 4.8425
0.583 0.0273 5.4255
0.5897 0.0067 6.0152
0.6781 0.0884 6.6933
0.7085 0.0304 7.4018
0.6689 -0.0396 8.0707
0.5567 -0.1122 8.6274
0.3849 -0.1718 9.0123
0.1732 -0.2117 9.1855
-0.0087 -0.1819 9.1768
-0.1861 -0.1774 8.9907
-0.3857 -0.1996 8.605
-0.3523 0.0334 8.2527
-0.2105 0.1418 8.0422
-0.0446 0.1659 7.9976
0.1042 0.1488 8.1018
0.2087 0.1045 8.3105
0.2544 0.0457 8.5649
0.2989 0.0445 8.8638
0.4082 0.1093 9.272
0.4636 0.0554 9.7356
0.4501 -0.0135 10.1857
0.3634 -0.0867 10.5491
0.2141 -0.1493 10.7632
0.0202 -0.1939 10.7834
-0.1952 -0.2154 10.5882
-0.4079 -0.2127 10.1803
-0.5956 -0.1877 9.5847
-0.6872 -0.0916 8.8975
-0.4079 0.2793 8.4896
-0.1359 0.272 8.3537
0.1313 0.2672 8.485
0.4571 0.3258 8.9421
0.6073 0.1502 9.5494
0.6898 0.0825 10.2392
0.6257 -0.0641 10.8649
0.5459 -0.0798 11.4108
0.4805 -0.0654 11.8913
0.3572 -0.1233 12.2485
0.1438 -0.2134 12.3923
-0.0738 -0.2176 12.3185
-0.2986 -0.2248 12.0199
-0.307 -0.0084 11.7129
-0.1874 0.1196 11.5255
-0.0268 0.1606 11.4987
0.0856 0.1124 11.5843
0.1887 0.1031 11.773
0.2043 0.0156 11.9773
0.1516 -0.0527 12.1289
0.0637 -0.0879 12.1926
-0.0875 -0.1512 12.1051
-0.2314 -0.1439 11.8737
-0.4534 -0.222 11.4203
-0.4281 0.0253 10.9922
-0.2764 0.1517 10.7158
-0.1097 0.1667 10.6061
0.0294 0.1391 10.6355
0.1146 0.0852 10.7501
0.1356 0.021 10.8857
0.0921 -0.0435 10.9778
-0.0083 -0.1004 10.9695
-0.1974 -0.1891 10.7721
