1 0 0
0.7598 0.7598 0.7598
0.7598 0 1.5196
0.7598 0 2.2794
0.7598 0 3.0392
0.7599 0.0001 3.7991
0.7585 -0.0014 4.5576
0.7567 -0.0018 5.3143
0.754 -0.0027 6.0683
0.7506 -0.0034 6.8189
0.7463 -0.0043 7.5652
0.7412 -0.0051 8.3064
0.7335 -0.0077 9.0399
0.7259 -0.0076 9.7658
0.7171 -0.0088 10.4829
0.7071 -0.01 11.19
0.6955 -0.0116 11.8855
0.6824 -0.0131 12.5679
0.6589 -0.0235 13.2268
0.6404 -0.0185 13.8672
0.6198 -0.0206 14.487
0.5903 -0.0295 15.0773
0.5562 -0.0341 15.6335
0.5174 -0.0388 16.1509
0.4741 -0.0433 16.625
0.4262 -0.0479 17.0512
0.3627 -0.0635 17.4139
0.3047 -0.058 17.7186
0.2431 -0.0616 17.9617
0.1781 -0.065 18.1398
0.1104 -0.0677 18.2502
0.0408 -0.0696 18.291
-0.0298 -0.0706 18.2612
-0.0859 -0.0561 18.1753
-0.1666 -0.0807 18.0087
-0.2346 -0.068 17.7741
-0.2625 -0.0279 17.5116
-0.3022 -0.0397 17.2094
-0.3246 -0.0224 16.8848
-0.3469 -0.0223 16.5379
-0.3559 -0.009 16.182
-0.3561 -0.0002 15.8259
-0.3436 0.0125 15.4823
-0.3215 0.0221 15.1608
-0.289 0.0325 14.8718
-0.2466 0.0424 14.6252
-0.1952 0.0514 14.43
-0.1487 0.0465 14.2813
-0.0728 0.0759 14.2085
-0.0043 0.0685 14.2042
0.0651 0.0694 14.2693
0.1315 0.0664 14.4008
0.1687 0.0372 14.5695
0.2123 0.0436 14.7818
0.2489 0.0366 15.0307
0.278 0.0291 15.3087
0.2984 0.0204 15.6071
0.3093 0.0109 15.9164
0.3088 -0.0005 16.2252
0.2967 -0.0121 16.5219
0.2743 -0.0224 16.7962
0.2422 -0.0321 17.0384
0.2013 -0.0409 17.2397
0.1528 -0.0485 17.3925
0.0986 -0.0542 17.4911
0.0407 -0.0579 17.5318
-0.0187 -0.0594 17.5131
-0.0769 -0.0582 17.4362
-0.1447 -0.0678 17.2915
-0.204 -0.0593 17.0875
-0.2417 -0.0377 16.8458
-0.2672 -0.0255 16.5786
-0.2787 -0.0115 16.2999
-0.2754 0.0033 16.0245
-0.2571 0.0183 15.7674
-0.2019 0.0552 15.5655
-0.1476 0.0543 15.4179
-0.0824 0.0652 15.3355
-0.0095 0.0729 15.326
0.1628 0.1723 15.4888
0.2873 0.1245 15.7761
0.4084 0.1211 16.1845
0.5027 0.0943 16.6872
0.5505 0.0478 17.2377
0.5661 0.0156 17.8038
0.5285 -0.0376 18.3323
0.4377 -0.0908 18.77
0.3287 -0.109 19.0987
0.1936 -0.1351 19.2923
0.0399 -0.1537 19.3322
-0.2086 -0.2485 19.1236
-0.4201 -0.2115 18.7035
-0.6092 -0.1891 18.0943
-0.7513 -0.1421 17.343
-0.8241 -0.0728 16.5189
-0.8117 0.0124 15.7072
-0.7073 0.1044 14.9999
-0.5121 0.1952 14.4878
-0.2396 0.2725 14.2482
0.0914 0.331 14.3396
0.452 0.3606 14.7916
0.8087 0.3567 15.6003
1.123 0.3143 16.7233
1.3616 0.2386 18.0849
1.4938 0.1322 19.5787
1.5096 0.0158 21.0883
1.4158 -0.0938 22.5041
1.2244 -0.1914 23.7285
0.944 -0.2804 24.6725
0.5733 -0.3707 25.2458
0.111 -0.4623 25.3568
-0.4154 -0.5264 24.9414
-0.9576 -0.5422 23.9838
-1.4761 -0.5185 22.5077
-1.9388 -0.4627 20.5689
-2.3156 -0.3768 18.2533
-2.5798 -0.2642 15.6735
-2.7317 -0.1519 12.9418
-2.7741 -0.0424 10.1677
-2.7072 0.0669 7.4605
-2.5327 0.1745 4.9278
-2.2501 0.2826 2.6777
-1.8652 0.3849 0.8125
-1.3799 0.4853 -0.5674
-0.803 0.5769 -1.3704
-0.2796 0.5234 -1.65
0.4363 0.7159 -1.2137
1.0346 0.5983 -0.1791
1.9284 0.8938 1.7493
2.3594 0.431 4.1087
2.9606 0.6012 7.0693
3.4266 0.466 10.4959
3.8263 0.3997 14.3222
4.2011 0.3748 18.5233
4.5665 0.3654 23.0898
