1 1 0
0.7598 0.7598 0.7598
0.7598 0 1.5196
0.7598 0 2.2794
0.7598 0 3.0392
0.7599 0.0001 3.7991
0.7592 -0.0007 4.5583
0.7578 -0.0014 5.3161
0.7553 -0.0025 6.0714
0.7522 -0.0031 6.8236
0.7483 -0.0039 7.5719
0.7422 -0.0061 8.3141
0.7362 -0.006 9.0503
0.7292 -0.007 9.7795
0.721 -0.0082 10.5005
0.7119 -0.0091 11.2124
0.6984 -0.0135 11.9108
0.6855 -0.0129 12.5963
0.6713 -0.0142 13.2676
0.6551 -0.0162 13.9227
0.6267 -0.0284 14.5494
0.5986 -0.0281 15.148
0.5664 -0.0322 15.7144
0.5298 -0.0366 16.2442
0.4889 -0.0409 16.7331
0.4439 -0.045 17.177
0.3947 -0.0492 17.5717
0.3526 -0.0421 17.9243
0.2973 -0.0553 18.2216
0.2503 -0.047 18.4719
0.1897 -0.0606 18.6616
0.1393 -0.0504 18.8009
0.0627 -0.0766 18.8636
-0.0028 -0.0655 18.8608
-0.0659 -0.0631 18.7949
-0.1299 -0.064 18.665
-0.19 -0.0601 18.475
-0.2115 -0.0215 18.2635
-0.2369 -0.0254 18.0266
-0.258 -0.0211 17.7686
-0.2701 -0.0121 17.4985
-0.2783 -0.0082 17.2202
-0.2791 -0.0008 16.9411
-0.2718 0.0073 16.6693
-0.2566 0.0152 16.4127
-0.2336 0.023 16.1791
-0.2035 0.0301 15.9756
-0.1672 0.0363 15.8084
-0.1259 0.0413 15.6825
-0.081 0.0449 15.6015
-0.0343 0.0467 15.5672
0.0123 0.0466 15.5795
0.0563 0.044 15.6358
0.0886 0.0323 15.7244
0.1167 0.0281 15.8411
0.1404 0.0237 15.9815
0.1593 0.0189 16.1408
0.173 0.0137 16.3138
0.182 0.009 16.4958
0.1826 0.0006 16.6784
0.1773 -0.0053 16.8557
0.1586 -0.0187 17.0143
0.1448 -0.0138 17.1591
0.1231 -0.0217 17.2822
0.098 -0.0251 17.3802
0.0703 -0.0277 17.4505
0.0414 -0.0289 17.4919
-0.0021 -0.0435 17.4898
-0.037 -0.0349 17.4528
-0.0666 -0.0296 17.3862
-0.0845 -0.0179 17.3017
-0.0963 -0.0118 17.2054
-0.1019 -0.0056 17.1035
-0.1012 0.0007 17.0023
-0.0917 0.0095 16.9106
-0.0775 0.0142 16.8331
-0.0471 0.0304 16.786
-0.0146 0.0325 16.7714
0.0158 0.0304 16.7872
0.0532 0.0374 16.8404
0.096 0.0428 16.9364
0.1425 0.0465 17.0789
0.2118 0.0693 17.2907
0.2432 0.0314 17.5339
0.2492 0.006 17.7831
0.24 -0.0092 18.0231
0.1965 -0.0435 18.2196
0.1366 -0.0599 18.3562
0.0623 -0.0743 18.4185
-0.0184 -0.0807 18.4001
-0.096 -0.0776 18.3041
-0.1611 -0.0651 18.143
-0.2056 -0.0445 17.9374
-0.2229 -0.0173 17.7145
-0.2104 0.0125 17.5041
-0.168 0.0424 17.3361
-0.1 0.068 17.2361
-0.0133 0.0867 17.2228
0.0811 0.0944 17.3039
0.1709 0.0898 17.4748
0.2432 0.0723 17.718
0.2868 0.0436 18.0048
0.2943 0.0075 18.2991
0.2622 -0.0321 18.5613
0.193 -0.0692 18.7543
0.0957 -0.0973 18.85
0.0143 -0.0814 18.8643
-0.084 -0.0983 18.7803
-0.1493 -0.0653 18.631
-0.1919 -0.0426 18.4391
-0.204 -0.0121 18.2351
-0.1824 0.0216 18.0527
-0.1277 0.0547 17.925
-0.0447 0.083 17.8803
0.0561 0.1008 17.9364
0.1601 0.104 18.0965
0.2499 0.0898 18.3464
0.3088 0.0589 18.6552
0.3241 0.0153 18.9793
0.2885 -0.0356 19.2678
0.2033 -0.0852 19.4711
0.0766 -0.1267 19.5477
-0.0742 -0.1508 19.4735
-0.2252 -0.151 19.2483
-0.3492 -0.124 18.8991
-0.4205 -0.0713 18.4786
-0.4034 0.0171 18.0752
-0.2814 0.122 17.7938
-0.0816 0.1998 17.7122
0.1605 0.2421 17.8727
0.4047 0.2442 18.2774
0.6077 0.203 18.8851
0.7286 0.1209 19.6137
0.7353 0.0067 20.349
0.614 -0.1213 20.963
0.3745 -0.2395 21.3375
0.0472 -0.3273 21.3847
-0.3206 -0.3678 21.0641
-0.6767 -0.3561 20.3874
-0.9692 -0.2925 19.4182
-1.1546 -0.1854 18.2636
-1.2004 -0.0458 17.0632
-1.0977 0.1027 15.9655
-0.8491 0.2486 15.1164
-0.4603 0.3888 14.6561
0.0303 0.4906 14.6864
0.5656 0.5353 15.252
1.1041 0.5385 16.3561
1.613 0.5089 17.9691
2.0539 0.4409 20.023
2.3793 0.3254 22.4023
2.5698 0.1905 24.9721
2.627 0.0572 27.5991
2.5518 -0.0752 30.1509
2.3439 -0.2079 32.4948
2.0076 -0.3363 34.5024
1.5468 -0.4608 36.0492
0.9709 -0.5759 37.0201
0.2873 -0.6836 37.3074
-0.4587 -0.746 36.8487
-1.2186 -0.7599 35.6301
-1.6665 -0.4479 33.9636
-2.2441 -0.5776 31.7195
-3.0363 -0.7922 28.6832
-3.5775 -0.5412 25.1057
-3.9823 -0.4048 21.1234
-4.3188 -0.3365 16.8046
-4.6267 -0.3079 12.1779
-4.8373 -0.2106 7.3406
-4.8834 -0.0461 2.4572
-4.8872 -0.0038 -2.43
-4.8215 0.0657 -7.2515
-4.7544 0.0671 -12.0059
-4.521 0.2334 -16.5269
-4.3504 0.1706 -20.8773
-4.0814 0.269 -24.9587
-3.7101 0.3713 -28.6688
-3.3197 0.3904 -31.9885
-2.5978 0.7219 -34.5863
1.5949 4.1927 -32.9914
