1e-12 0 0
0.7598 0.7598 0.7598
0.7598 0 1.5196
0.7598 0 2.2794
0.7598 0 3.0392
0.7598 0 3.799
0.7598 0 4.5588
0.7597 -0.0001 5.3185
0.7597 0 6.0782
0.7595 -0.0002 6.8377
0.7593 -0.0002 7.597
0.7591 -0.0002 8.3561
0.7588 -0.0003 9.1149
0.7586 -0.0002 9.8735
0.7583 -0.0003 10.6318
0.758 -0.0003 11.3898
0.7576 -0.0004 12.1474
0.7571 -0.0005 12.9045
0.7567 -0.0004 13.6612
0.7562 -0.0005 14.4174
0.7557 -0.0005 15.1731
0.7553 -0.0004 15.9284
0.7548 -0.0005 16.6832
0.7545 -0.0003 17.4377
0.7541 -0.0004 18.1918
0.7539 -0.0002 18.9457
0.7538 -0.0001 19.6995
0.7537 -0.0001 20.4532
0.7539 0.0002 21.2071
0.7542 0.0003 21.9613
0.7548 0.0006 22.7161
0.7555 0.0007 23.4716
0.7585 0.003 24.2301
0.7712 0.0127 25.0013
0.7807 0.0095 25.782
0.7947 0.014 26.5767
0.8141 0.0194 27.3908
0.8371 0.023 28.2279
0.8617 0.0246 29.0896
0.8875 0.0258 29.9771
0.9144 0.0269 30.8915
0.9424 0.028 31.8339
0.9715 0.0291 32.8054
1.0017 0.0302 33.8071
1.0332 0.0315 34.8403
1.0661 0.0329 35.9064
1.1003 0.0342 37.0067
1.136 0.0357 38.1427
1.1731 0.0371 39.3158
1.2117 0.0386 40.5275
1.2517 0.04 41.7792
1.2933 0.0416 43.0725
1.3189 0.0256 44.3914
1.3541 0.0352 45.7455
1.4089 0.0548 47.1544
1.4567 0.0478 48.6111
1.486 0.0293 50.0971
1.5261 0.0401 51.6232
1.578 0.0519 53.2012
1.6424 0.0644 54.8436
1.6755 0.0331 56.5191
1.7209 0.0454 58.24
1.7676 0.0467 60.0076
1.8155 0.0479 61.8231
1.8774 0.0619 63.7005
1.9282 0.0508 65.6287
1.9803 0.0521 67.609
2.0338 0.0535 69.6428
2.0886 0.0548 71.7314
2.1448 0.0562 73.8762
2.2168 0.072 76.093
2.2762 0.0594 78.3692
2.337 0.0608 80.7062
2.3992 0.0622 83.1054
2.4626 0.0634 85.568
2.5271 0.0645 88.0951
2.5928 0.0657 90.6879
2.6827 0.0899 93.3706
2.764 0.0813 96.1346
2.9013 0.1373 99.0359
3.028 0.1267 102.064
3.1582 0.1302 105.222
3.2371 0.0789 108.459
3.3423 0.1052 111.802
3.4431 0.1008 115.245
3.5642 0.1211 118.809
3.6779 0.1137 122.487
3.7642 0.0863 126.251
3.8463 0.0821 130.097
3.9652 0.1189 134.062
4.0242 0.059 138.087
4.1012 0.077 142.188
4.1706 0.0694 146.358
4.2342 0.0636 150.593
4.3123 0.0781 154.905
4.3785 0.0662 159.283
4.4493 0.0708 163.733
4.5601 0.1108 168.293
4.6169 0.0568 172.91
